  0.10000000000000001        3.0000000000000000        2.9970029970027845E-003
  0.20000000000000001        2.9910000000000001        1.4809523809523828E-002
  0.30000000000000004        2.9552156759999999        3.4086172592015185E-002
  0.40000000000000002        2.8766159787749146        5.7067106594463457E-002
  0.50000000000000000        2.7442172669454239        7.7550600278757376E-002
  0.60000000000000009        2.5559490567403884        8.8843793582494168E-002
  0.70000000000000007        2.3207655358369133        8.6960621466101617E-002
  0.80000000000000004        2.0568538548928217        7.2726870765837504E-002
  0.90000000000000002        1.7860923969480242        5.0985398683131233E-002
   1.0000000000000000        1.5276921868627455        2.7692186862745549E-002
   1.1000000000000001        1.2943078450825978        7.3065580813109765E-003
   1.2000000000000002        1.0916046765436724       -8.1020683243624436E-003
   1.3000000000000000       0.92001416568498207       -1.8365565312828180E-002
   1.4000000000000001       0.77696816068966734       -2.4313890592383758E-002
   1.5000000000000000       0.65864697423547236       -2.7067311478813361E-002
