   2.5000000000000001E-002   3.0000000000000000        4.6874267589647189E-005
   5.0000000000000003E-002   2.9998593750000002        2.3432813085877413E-004
   7.5000000000000011E-002   2.9992969277331394        5.6201902275176963E-004
  0.10000000000000001        2.9980318958808523        1.0288988778550667E-003
  0.12500000000000000        2.9957848470686725        1.6328002850469758E-003
  0.15000000000000002        2.9922790943929201        2.3700374600683638E-003
  0.17500000000000002        2.9872426189173784        3.2350345647684797E-003
  0.20000000000000001        2.9804104735306667        4.2199973401904067E-003
  0.22500000000000001        2.9715276269399356        5.3146466683418048E-003
  0.25000000000000000        2.9603521880110129        6.5060341648588427E-003
  0.27500000000000002        2.9466589300781041        7.7784598572288033E-003
  0.30000000000000004        2.9302430135019275        9.1135100939427893E-003
  0.32500000000000001        2.9109237842360294        1.0490229845347088E-002
  0.35000000000000003        2.8885485082997850        1.1885437461956805E-002
  0.37500000000000000        2.8629958888150822        1.3274181950518216E-002
  0.40000000000000002        2.8341792055594772        1.4630333379026084E-002
  0.42500000000000004        2.8020489184825741        1.5927286860093481E-002
  0.45000000000000001        2.7665945874995499        1.7138750633929334E-002
  0.47500000000000003        2.7278459815909168        1.8239580145793077E-002
  0.50000000000000000        2.6858732804121561        1.9206613745489598E-002
  0.52500000000000002        2.6407863099219564        2.0019462622574480E-002
  0.55000000000000004        2.5927327977408625        2.0661208414959553E-002
  0.57500000000000007        2.5418956810772237        2.1118966752122326E-002
  0.60000000000000009        2.4884895466601860        2.1384283502291712E-002
  0.62500000000000000        2.4327563246456529        2.1453341914098978E-002
  0.65000000000000002        2.3749603936387835        2.1326972044197312E-002
  0.67500000000000004        2.3153832791851188        2.1010467502937225E-002
  0.70000000000000007        2.2543181416409408        2.0513227270129164E-002
  0.72500000000000009        2.1920642506652301        1.9848250936757239E-002
  0.75000000000000000        2.1289216332265357        1.9031523336425771E-002
  0.77500000000000002        2.0651860615331303        1.8081328669635965E-002
  0.80000000000000004        2.0011445189789203        1.7017534851936134E-002
  0.82500000000000007        1.9370712488054904        1.5860886277097697E-002
  0.85000000000000009        1.8732244545868761        1.4632338115103449E-002
  0.87500000000000000        1.8098436865400758        1.3352458469900297E-002
  0.90000000000000002        1.7471479153229901        1.2040917058097067E-002
  0.92500000000000004        1.6853342671031364        1.0716071329803123E-002
  0.95000000000000007        1.6245773713332479        9.3946537883258241E-003
  0.97500000000000009        1.5650292563084514        8.0915581435296868E-003
   1.0000000000000000        1.5068197171258388        6.8197171258388423E-003
   1.0250000000000001        1.4500570756278590        5.5900613863175685E-003
   1.0500000000000000        1.3948292515113851        4.4115468592795803E-003
   1.0750000000000000        1.3412050670973559        3.2912371099684812E-003
   1.1000000000000001        1.2892357143132607        2.2344273119738745E-003
   1.1250000000000000        1.2389563203196707        1.2447973543201485E-003
   1.1500000000000001        1.1903875570944893        3.2458292877302064E-004
   1.1750000000000000        1.1435372494951661       -5.2524491859107236E-004
   1.2000000000000002        1.0984019453212384       -1.3047995467965201E-003
   1.2250000000000001        1.0549684193157611       -2.0151038525468845E-003
   1.2500000000000000        1.0132150906255364       -2.6579252474794313E-003
   1.2750000000000001       0.97311333984931314       -3.2356235426856950E-003
   1.3000000000000000       0.93462871739191977       -3.7510136058904742E-003
   1.3250000000000002       0.89772203942838247       -4.2072436787636835E-003
   1.3500000000000001       0.86235037142913318       -4.6076894746704955E-003
   1.3750000000000000       0.82846790199770881       -4.9558636018570690E-003
   1.4000000000000001       0.79602671183306084       -5.2553394489902594E-003
   1.4250000000000000       0.76497744406142487       -5.5096884021675896E-003
   1.4500000000000002       0.73526988309644026       -5.7224291083204371E-003
   1.4750000000000001       0.70685344968197417       -5.8969874345048412E-003
   1.5000000000000000       0.67967761994043729       -6.0366657738484264E-003
