   5.0000000000000003E-002   3.0000000000000000        3.7495313085855742E-004
  0.10000000000000001        2.9988750000000000        1.8720029970027419E-003
  0.15000000000000002        2.9943783743671872        4.4693174343355402E-003
  0.20000000000000001        2.9842912847871994        8.1008085967231303E-003
  0.25000000000000000        2.9664792958422859        1.2633141996131858E-002
  0.30000000000000004        2.9389792976777205        1.7849794269735764E-002
  0.35000000000000003        2.9001101007729186        2.3447029935090402E-002
  0.40000000000000002        2.8485949393687124        2.9046067188261304E-002
  0.45000000000000001        2.7836789943399363        3.4223157474315702E-002
  0.50000000000000000        2.7052216983117012        3.8555031645034710E-002
  0.55000000000000004        2.6137438928489956        4.1672303523092591E-002
  0.60000000000000009        2.5104150786457384        4.3309815487844183E-002
  0.65000000000000002        2.3969757690380842        4.3342347443497964E-002
  0.70000000000000007        2.2756022328489447        4.1797318478133061E-002
  0.75000000000000000        2.1487322775563404        3.8842167666230498E-002
  0.80000000000000004        2.0188777350391152        3.4750750912130979E-002
  0.85000000000000009        1.8884499811499418        2.9857864678169088E-002
  0.90000000000000002        1.7596194408065409        2.4512442541647861E-002
  0.95000000000000007        1.6342208874597357        1.9038169914813663E-002
   1.0000000000000000        1.5137065468156736        1.3706546815673626E-002
   1.0500000000000000        1.3991411713220421        8.7234666699365082E-003
   1.1000000000000001        1.2912286908690183        4.2274038677314607E-003
   1.1500000000000001        1.1903587631755574        2.9578900984117418E-004
   1.2000000000000002        1.0966626809128801       -3.0440639551547743E-003
   1.2500000000000000        1.0100705103419743       -5.8025055310415574E-003
   1.3000000000000000       0.93036407004021671       -8.0156609575935400E-003
   1.3500000000000001       0.85722278795177487       -9.7352729520288062E-003
   1.4000000000000001       0.79026132144352479       -1.1020729838526311E-002
   1.4500000000000002       0.72905905173889751       -1.1933260465863182E-002
   1.5000000000000000       0.67318226525442804       -1.2532020459857685E-002
