   1.2500000000000001E-002   3.0000000000000000        5.8593635556825063E-006
   2.5000000000000001E-002   2.9999824218750000        2.9296142589618768E-005
   3.7500000000000006E-002   2.9999121101989723        7.0304981669710997E-005
   5.0000000000000003E-002   2.9997539163434639        1.2886947432244611E-004
   6.2500000000000000E-002   2.9994727124822571        2.0495558696786986E-004
   7.5000000000000011E-002   2.9990334138224464        2.9850511205875563E-004
   8.7500000000000008E-002   2.9984010090352977        4.0942917571129556E-004
  0.10000000000000001        2.9975405988361996        5.3760183320239463E-004
  0.11250000000000000        2.9964174426309906        6.8285379361299192E-004
  0.12500000000000000        2.9949970131061256        8.4496632250008474E-004
  0.13750000000000001        2.9932450585927439        1.0236653786188654E-003
  0.15000000000000002        2.9911276729800962        1.2186160472444918E-003
  0.16250000000000001        2.9886113728924522        1.4294173384525877E-003
  0.17500000000000002        2.9856631817761383        1.6555974235283877E-003
  0.18750000000000000        2.9822507204705473        1.8966093863852507E-003
  0.20000000000000001        2.9783423037597210        2.1518275692447020E-003
  0.21250000000000002        2.9739070423205387        2.4205445926814839E-003
  0.22500000000000001        2.9689149494009115        2.7019691293177495E-003
  0.23750000000000002        2.9633370514781077        2.9952245077748962E-003
  0.25000000000000000        2.9571455020649839        3.2993482188299339E-003
  0.26250000000000001        2.9503136977521844        3.6132923890361823E-003
  0.27500000000000002        2.9428163954991011        3.9359252782258380E-003
  0.28750000000000003        2.9346298301174465        4.2660338464108882E-003
  0.30000000000000004        2.9257318308306064        4.6023274226216770E-003
  0.31250000000000000        2.9161019357414291        4.9434424933836318E-003
  0.32500000000000001        2.9057215030026171        5.2879486119348229E-003
  0.33750000000000002        2.8945738174591873        5.6343554113129635E-003
  0.35000000000000003        2.8826441915231307        5.9811206853024323E-003
  0.36250000000000004        2.8699200590477814        6.3266594814219701E-003
  0.37500000000000000        2.8563910609946208        6.6693541300568704E-003
  0.38750000000000001        2.8420491217290018        7.0075651139975825E-003
  0.40000000000000002        2.8268885148440055        7.3396426635543577E-003
  0.41250000000000003        2.8109059174932916        7.6639389446628847E-003
  0.42500000000000004        2.7941004523138937        7.9788206914130910E-003
  0.43750000000000000        2.7764737161375468        8.2826821208765722E-003
  0.45000000000000001        2.7580297948229116        8.5739579572909896E-003
  0.46250000000000002        2.7387752636891740        8.8511363851342395E-003
  0.47500000000000003        2.7187191731917149        9.1127717465910862E-003
  0.48750000000000004        2.6978730196502494        9.3574967987426483E-003
  0.50000000000000000        2.6762507010161314        9.5840343494648650E-003
  0.51250000000000007        2.6538684578452272        9.7912080987043737E-003
  0.52500000000000002        2.6307447998225935        9.9779525232115418E-003
  0.53749999999999998        2.6069004183617266        1.0143321657883675E-002
  0.55000000000000004        2.5823580859710438        1.0286496645140808E-002
  0.56250000000000000        2.5571425432402379        1.0406791944901350E-002
  0.57500000000000007        2.5312803744461765        1.0503660121075065E-002
  0.58750000000000002        2.5047998729093339        1.0576695145593451E-002
  0.60000000000000009        2.4777308973449812        1.0625634187086952E-002
  0.61250000000000004        2.4501047205465203        1.0650357877795447E-002
  0.62500000000000000        2.4219538718100200        1.0650889078466008E-002
  0.63750000000000007        2.3933119745581863        1.0627390186177532E-002
  0.65000000000000002        2.3642135806482782        1.0580159053692029E-002
  0.66250000000000009        2.3346940028519727        1.0509623610449825E-002
  0.67500000000000004        2.3047891469764825        1.0416335294300971E-002
  0.68750000000000000        2.2745353450564592        1.0300961419090537E-002
  0.70000000000000007        2.2439691909868671        1.0164276616055457E-002
  0.71250000000000002        2.2131273798900151        1.0007153496462529E-002
  0.72500000000000009        2.1820465524174337        9.8305526889608252E-003
  0.73750000000000004        2.1507631450817537        9.6355124078115750E-003
  0.75000000000000000        2.1193132475977143        9.4231377076043898E-003
  0.76250000000000007        2.0877324680875669        9.1945895764822261E-003
  0.77500000000000002        2.0560558068770973        8.9510740136029554E-003
  0.78750000000000009        2.0243175394768294        8.6938312278634911E-003
  0.80000000000000004        1.9925511092111761        8.4241250841918802E-003
  0.81250000000000000        1.9607890298286266        8.1432329114170532E-003
  0.82500000000000007        1.9290627983005566        7.8524357721638793E-003
  0.83750000000000002        1.8974028178967424        7.5530092809465987E-003
  0.85000000000000009        1.8658383315136482        7.2462150418755034E-003
  0.86250000000000004        1.8343973651283079        6.9332927626342133E-003
  0.87500000000000000        1.8031066811570655        6.6154530868900441E-003
  0.88750000000000007        1.7719917414152631        6.2938711733648844E-003
  0.90000000000000002        1.7410766793015582        5.9696810366651754E-003
  0.91250000000000009        1.7103842807690799        5.6439706528446099E-003
  0.92500000000000004        1.6799359735949988        5.3177778216655369E-003
  0.93750000000000000        1.6497518244200513        4.9920867677959446E-003
  0.95000000000000007        1.6198505429996466        4.6678254547245501E-003
  0.96250000000000002        1.5902494930878370        4.3458635780528887E-003
  0.97500000000000009        1.5609647093639545        4.0270111990328150E-003
  0.98750000000000004        1.5320109198083216        3.7120179746614745E-003
   1.0000000000000000        1.5034015729373276        3.4015729373275683E-003
   1.0125000000000000        1.4751488693184471        3.0963047747878392E-003
   1.0250000000000001        1.4472637968016102        2.7967825600687668E-003
   1.0375000000000001        1.4197561689238576        2.5035168806057939E-003
   1.0500000000000000        1.3926346659686026        2.2169613164970681E-003
   1.0625000000000000        1.3659068781882855        1.9375142189215211E-003
   1.0750000000000000        1.3395793507290121        1.6655207416247375E-003
   1.0875000000000001        1.3136576298272364        1.4012750806020602E-003
   1.1000000000000001        1.2881463098810555        1.1450228797686979E-003
   1.1125000000000000        1.2630490810316952        8.9696376330139493E-004
   1.1250000000000000        1.2383687769237781        6.5725395842752832E-004
   1.1375000000000000        1.2141074223455681        4.2600897563471740E-004
   1.1500000000000001        1.1902662804822317        2.0330631651543918E-004
   1.1625000000000001        1.1668458995459305       -1.0811817324096751E-005
   1.1750000000000000        1.1438461585760467       -2.1633583771052400E-004
   1.1875000000000000        1.1212663122308388       -4.1328612607571813E-004
   1.2000000000000002        1.0991050344182074       -6.0171044982748612E-004
   1.2125000000000001        1.0773604606379052       -7.8168145364831965E-004
   1.2250000000000001        1.0560302289304229       -9.5329423788514944E-004
   1.2375000000000000        1.0351115193488600       -1.1166640338449163E-003
   1.2500000000000000        1.0146010918893935       -1.2719239836223029E-003
   1.2625000000000002       0.99449532283347264       -1.4192230301425246E-003
   1.2750000000000001       0.97479023947067733       -1.5587239213215032E-003
   1.2875000000000001       0.95548155318531836       -1.6906013306832168E-003
   1.3000000000000000       0.93656469090241401       -1.8150400953962365E-003
   1.3125000000000000       0.91803482489973554       -1.9322335714780925E-003
   1.3250000000000002       0.89988690100225743       -2.0423821048887181E-003
   1.3375000000000001       0.88211566518367457       -2.1456916163584694E-003
   1.3500000000000001       0.86471568860675441       -2.2423722970492665E-003
   1.3625000000000000       0.84768139114027274       -2.3326374115656412E-003
   1.3750000000000000       0.83100706339523223       -2.4167022043336539E-003
   1.3875000000000002       0.81468688732707895       -2.4947829050036008E-003
   1.4000000000000001       0.79871495545379956       -2.5670958282515421E-003
   1.4125000000000001       0.78308528874219319       -2.6338565631603972E-003
   1.4250000000000000       0.76779185321634147       -2.6952792472509923E-003
   1.4375000000000000       0.75282857534343028       -2.7515759201741652E-003
   1.4500000000000002       0.73818935625268012       -2.8029559520805769E-003
   1.4625000000000001       0.72386808484327791       -2.8496255417357341E-003
   1.4750000000000001       0.70985864983694535       -2.8917872795336530E-003
   1.4875000000000000       0.69615495083017243       -2.9296397706898292E-003
   1.5000000000000000       0.68275090840024844       -2.9633773140372854E-003
