  -5.0000000000000000        3.8461538461538464E-002
  -4.3333334922790527        5.0561794231161174E-002
  -3.6666665077209473        6.9230774817382421E-002
  -3.0000000000000000       0.10000000000000001     
  -2.3333332538604736       0.15517242272316950     
  -1.6666665077209473       0.26470591947694483     
  -1.0000000000000000       0.50000000000000000     
 -0.33333301544189453       0.90000017166132784     
  0.33333349227905273       0.89999991416929925     
   1.0000000000000000       0.50000000000000000     
   1.6666669845581055       0.26470580810495453     
   2.3333334922790527       0.15517239593297352     
   3.0000000000000000       0.10000000000000001     
   3.6666669845581055        6.9230758057544833E-002
   4.3333339691162109        5.0561783666219905E-002
   5.0000000000000000        3.8461538461538464E-002
