   1.2500000000000001E-002   2.9999912109375000       -2.9296989443317045E-006
   2.5000000000000001E-002   2.9999472662944742       -5.8594379361842641E-006
   3.7500000000000006E-002   2.9998330162064111       -8.7890108915189558E-006
   5.0000000000000003E-002   2.9996133289324223       -1.1717936719168875E-005
   6.2500000000000000E-002   2.9992531114364902       -1.4645458799034117E-005
   7.5000000000000011E-002   2.9987173381662138       -1.7570544173839409E-005
   8.7500000000000008E-002   2.9979710879771950       -2.0491882391393546E-005
  0.10000000000000001        2.9969795891190185       -2.3407883978698862E-005
  0.11250000000000000        2.9957082721588599       -2.6316678517712688E-005
  0.12500000000000000        2.9941228306713077       -2.9216112317875798E-005
  0.13750000000000001        2.9921892894684423       -3.2103745682743323E-005
  0.15000000000000002        2.9898740800830348       -3.4976849816903410E-005
  0.16250000000000001        2.9871441231505744       -3.7832403425142047E-005
  0.17500000000000002        2.9839669172635110       -4.0667089098889164E-005
  0.18750000000000000        2.9803106337945402       -4.3477289621840498E-005
  0.20000000000000001        2.9761442171061110       -4.6259084365285474E-005
  0.21250000000000002        2.9714374894818558       -4.9008246001402966E-005
  0.22500000000000001        2.9661612600338052       -5.1720237788543955E-005
  0.23750000000000002        2.9602874367585850       -5.4390211747801231E-005
  0.25000000000000000        2.9537891408380541       -5.7013008099904283E-005
  0.26250000000000001        2.9466408222067959       -5.9583156352349675E-005
  0.27500000000000002        2.9388183753423762       -6.2094878499063810E-005
  0.28750000000000003        2.9302992541762429       -6.4542094792674476E-005
  0.30000000000000004        2.9210625849753886       -6.6918432596096977E-005
  0.31250000000000000        2.9110892760092386       -6.9217238806817960E-005
  0.32500000000000001        2.9003621227943173       -7.1431596365023609E-005
  0.33750000000000002        2.8888659077025758       -7.3554345298543211E-005
  0.35000000000000003        2.8765874927290778       -7.5578108750473660E-005
  0.36250000000000004        2.8635159042420155       -7.7495324343868077E-005
  0.37500000000000000        2.8496424085833887       -7.9298281175255170E-005
  0.38750000000000001        2.8349605774523998       -8.0979162604410959E-005
  0.40000000000000002        2.8194663420855375       -8.2530094913657592E-005
  0.41250000000000003        2.8031580353468892       -8.3943201739433704E-005
  0.42500000000000004        2.7860364209584154       -8.5210664065193953E-005
  0.43750000000000000        2.7681047092313062       -8.6324785363967038E-005
  0.45000000000000001        2.7493685588042731       -8.7278061347451086E-005
  0.46250000000000002        2.7298360640504518       -8.8063253588011037E-005
  0.47500000000000003        2.7095177279789779       -8.8673466145827717E-005
  0.48750000000000004        2.6884264206273558       -8.9102224150927611E-005
  0.50000000000000000        2.6665773231134602       -8.9343553206333581E-005
  0.51250000000000007        2.6439878576881966       -8.9392058326254187E-005
  0.52500000000000002        2.6206776042983022       -8.9243001079708506E-005
  0.53749999999999998        2.5966682043303027       -8.8892373540261360E-005
  0.55000000000000004        2.5719832523582462       -8.8336967656754695E-005
  0.56250000000000000        2.5466481768566833       -8.7574438653259534E-005
  0.57500000000000007        2.5206901109639359       -8.6603361165504822E-005
  0.58750000000000002        2.4941377544868457       -8.5423276894758260E-005
  0.60000000000000009        2.4670212284251818       -8.4034732712456872E-005
  0.61250000000000004        2.4393719233604152       -8.2439308309645298E-005
  0.62500000000000000        2.4112223430988857       -8.0639632668244587E-005
  0.63750000000000007        2.3826059449831392       -7.8639388869650162E-005
  0.65000000000000002        2.3535569782876333       -7.6443306952889145E-005
  0.66250000000000009        2.3241103220967299       -7.4057144793027163E-005
  0.67500000000000004        2.2943013240249872       -7.1487657194335696E-005
  0.68750000000000000        2.2641656410837410       -6.8742553627654246E-005
  0.70000000000000007        2.2337390839255620       -6.5830445249659419E-005
  0.71250000000000002        2.2030574656115065       -6.2760782046034080E-005
  0.72500000000000009        2.1721564559473627       -5.9543781110171778E-005
  0.73750000000000004        2.1410714423267265       -5.6190347215601122E-005
  0.75000000000000000        2.1098373979031595       -5.2711986950448875E-005
  0.76250000000000007        2.0784887577933167       -4.9120717767969779E-005
  0.77500000000000002        2.0470593038901388       -4.5428973355576829E-005
  0.78750000000000009        2.0155820587422353       -4.1649506730578878E-005
  0.80000000000000004        1.9840891888345120       -3.7795292472164732E-005
  0.81250000000000000        1.9526119174877836       -3.3879429425898167E-005
  0.82500000000000007        1.9211804474832122       -2.9915045180572974E-005
  0.83750000000000002        1.8898238934123111       -2.5915203484716542E-005
  0.85000000000000009        1.8585702236560868       -2.1892815685875533E-005
  0.86250000000000004        1.8274462118085384       -1.7860557135263022E-005
  0.87500000000000000        1.7964773972808135       -1.3830789362012652E-005
  0.88750000000000007        1.7656880547532163       -9.8154886818413445E-006
  0.90000000000000002        1.7351011720831351       -5.8261817579285946E-006
  0.91250000000000009        1.7047384362277509       -1.8738884843827464E-006
  0.92500000000000004        1.6746202267009049        2.0309275716723363E-006
  0.93750000000000000        1.6447656160533237        5.8784010683599064E-006
  0.95000000000000007        1.6151923768440759        9.6592991538635431E-006
  0.96250000000000002        1.5859169945580038        1.3365048219693421E-005
  0.97500000000000009        1.5569546859183063        1.6987753384656301E-005
  0.98750000000000004        1.5283194220446750        2.0520211014840584E-005
   1.0000000000000000        1.5000239559146722        2.3955914672191270E-005
   1.0125000000000000        1.4720798535985895        2.7289054930212941E-005
   1.0250000000000001        1.4444975287550919        3.0514513550405908E-005
   1.0375000000000001        1.4172862798957770        3.3627852525253132E-005
   1.0500000000000000        1.3904543299506535        3.6625298547976470E-005
   1.0625000000000000        1.3640088676927911        3.9503723427092297E-005
   1.0750000000000000        1.3379560906084016        4.2260621014200694E-005
   1.0875000000000001        1.3123012488278014        4.4894081167035083E-005
   1.1000000000000001        1.2870486897625577        4.7402761270909366E-005
   1.1125000000000000        1.2622019031242093        4.9785855815498437E-005
   1.1250000000000000        1.2377635660298416        5.2043064491025248E-005
   1.1375000000000000        1.2137355879291760        5.4174559242614606E-005
   1.1500000000000001        1.1901191551164014        5.6180950685158493E-005
   1.1625000000000001        1.1669147746175006        5.8063254245954710E-005
   1.1750000000000000        1.1441223172701203        5.9822856363078714E-005
   1.1875000000000000        1.1217410598379500        6.1461481035474108E-005
   1.2000000000000002        1.0997697260250154        6.2981156980557174E-005
   1.2125000000000001        1.0782065262771734        6.4384185619825729E-005
   1.2250000000000001        1.0570491962783928        6.5673110084762953E-005
   1.2375000000000000        1.0362950340680979        6.6850685392916276E-005
   1.2500000000000000        1.0159409357229430        6.7919849927156051E-005
   1.2625000000000002       0.99598342956192387        6.8883698308708219E-005
   1.2750000000000001       0.97641870884774340        6.9745455744563145E-005
   1.2875000000000001       0.95724266296989668        7.0508453895112844E-005
   1.3000000000000000       0.93845090710609957        7.1176108289328077E-005
   1.3125000000000000       0.92003881036851620        7.1751897302574363E-005
   1.3250000000000002       0.90200152244983611        7.2239342689961461E-005
   1.3375000000000001       0.88433399879168562        7.2641991652577786E-005
   1.3500000000000001       0.86703102430421775        7.2963400414072233E-005
   1.3625000000000000       0.85008723567109457        7.3207119256180064E-005
   1.3750000000000000       0.83349714227853777        7.3376678971892595E-005
   1.3875000000000002       0.81725514581075853        7.3475578675985531E-005
   1.4000000000000001       0.80135555855696505        7.3507274913953147E-005
   1.4125000000000001       0.78579262047735843        7.3475172004844325E-005
   1.4250000000000000       0.77056051507714096        7.3382613548500508E-005
   1.4375000000000000       0.75565338413863492        7.3232875030471156E-005
   1.4500000000000002       0.74106534136221425        7.3029157453552429E-005
   1.4625000000000001       0.72679048496694121        7.2774581927559368E-005
   1.4750000000000001       0.71282290930162762        7.2472185148608759E-005
   1.4875000000000000       0.69915671551656111        7.2124915698856817E-005
   1.5000000000000000       0.68578602134538802        7.1735631102298747E-005
