   1.2500000000000001E-002   3.0000000000000000        5.8593635556825063E-006
   2.5000000000000001E-002   2.9999824220809930        2.9296348582619203E-005
   3.7500000000000006E-002   2.9999121137007574        7.0308483454795123E-005
   5.0000000000000003E-002   2.9997539365284593        1.2888965931789897E-004
   6.2500000000000000E-002   2.9994727853823973        2.0502848710801658E-004
   7.5000000000000011E-002   2.9990336153699775        2.9870665958986464E-004
   8.7500000000000008E-002   2.9984014771795708        4.0989731998442025E-004
  0.10000000000000001        2.9975415604415150        5.3856343851776955E-004
  0.11250000000000000        2.9964192450353990        6.8465619802138278E-004
  0.12500000000000000        2.9950001601731557        8.4811338953016957E-004
  0.13750000000000001        2.9932502510327956        1.0288578186705699E-003
  0.15000000000000002        2.9911358526563645        1.2267957235128080E-003
  0.16250000000000001        2.9886237707585641        1.4418152045645449E-003
  0.17500000000000002        2.9856813690202499        1.6737846676400103E-003
  0.18750000000000000        2.9822766623647223        1.9225512805602918E-003
  0.20000000000000001        2.9783784156354689        2.1879394449926259E-003
  0.21250000000000002        2.9739562470131333        2.4697492852761016E-003
  0.22500000000000001        2.9689807354284210        2.7677551568272563E-003
  0.23750000000000002        2.9634235311480102        3.0817041776773912E-003
  0.25000000000000000        2.9572574686340221        3.4113147878680472E-003
  0.26250000000000001        2.9504566807060173        3.7562753428690421E-003
  0.27500000000000002        2.9429967129696775        4.1162427488021791E-003
  0.28750000000000003        2.9348546374201518        4.4908411491162425E-003
  0.30000000000000004        2.9260091640823460        4.8796606743612969E-003
  0.31250000000000000        2.9164407495169082        5.2822562688628061E-003
  0.32500000000000001        2.9061317010009744        5.6981466102921097E-003
  0.33750000000000002        2.8950662751882317        6.1268131403573456E-003
  0.35000000000000003        2.8832307700647579        6.5676992269296797E-003
  0.36250000000000004        2.8706136090462371        7.0202094798776926E-003
  0.37500000000000000        2.8572054161090858        7.4837092445219078E-003
  0.38750000000000001        2.8429990809129135        7.9575242979093019E-003
  0.40000000000000002        2.8279898129543186        8.4409407738674780E-003
  0.41250000000000003        2.8121751838916471        8.9332053430184466E-003
  0.42500000000000004        2.7955551572959139        9.4335256734332518E-003
  0.43750000000000000        2.7781321052130887        9.9410711964185161E-003
  0.45000000000000001        2.7599108110654988        1.0454974199878286E-002
  0.46250000000000002        2.7408984585729259        1.0974331268886139E-002
  0.47500000000000003        2.7211046065345368        1.1498205089413016E-002
  0.48750000000000004        2.7005411494782341        1.2025626626727348E-002
  0.50000000000000000        2.6792222643514223        1.2555597684755782E-002
  0.51250000000000007        2.6571643435934269        1.3087093846904096E-002
  0.52500000000000002        2.6343859150918294        1.3619067792447481E-002
  0.53749999999999998        2.6109075496797405        1.4150452975897565E-002
  0.55000000000000004        2.5867517569757048        1.4680167649801845E-002
  0.56250000000000000        2.5619428704998479        1.5207119204511343E-002
  0.57500000000000007        2.5365069231167463        1.5730208791644884E-002
  0.58750000000000002        2.5104715139553395        1.6248336191599044E-002
  0.60000000000000009        2.4838656680374935        1.6760404879599289E-002
  0.61250000000000004        2.4567196899084172        1.7265327239692319E-002
  0.62500000000000000        2.4290650126034370        1.7762029871883023E-002
  0.63750000000000007        2.4009340433064366        1.8249458934427754E-002
  0.65000000000000002        2.3723600070558701        1.8726585461283918E-002
  0.66250000000000009        2.3433767898353661        1.9192410593843245E-002
  0.67500000000000004        2.3140187823486640        1.9645970666482437E-002
  0.68750000000000000        2.2843207257244100        2.0086342087041409E-002
  0.70000000000000007        2.2543175603269394        2.0512645956127784E-002
  0.71250000000000002        2.2240442787665549        2.0924052373002322E-002
  0.72500000000000009        2.1935357841091103        2.1319784380637419E-002
  0.73750000000000004        2.1628267541821846        2.1699121508242492E-002
  0.75000000000000000        2.1319515127660331        2.2061402875923175E-002
  0.76250000000000007        2.1009439083441301        2.2406029833045515E-002
  0.77500000000000002        2.0698372009726080        2.2732468109113668E-002
  0.78750000000000009        2.0386639577123642        2.3040249463398332E-002
  0.80000000000000004        2.0074559569539043        2.3328972826920147E-002
  0.81250000000000000        1.9762441018548720        2.3598304937662462E-002
  0.82500000000000007        1.9450583430051338        2.3847980476741082E-002
  0.83750000000000002        1.9139276103355500        2.4077801719754266E-002
  0.85000000000000009        1.8828797541951585        2.4287637723385824E-002
  0.86250000000000004        1.8519414954382434        2.4477423072569726E-002
  0.87500000000000000        1.8211383842882118        2.4647156218036370E-002
  0.88750000000000007        1.7904947676796918        2.4796897437793675E-002
  0.90000000000000002        1.7600337647239526        2.4926766459059557E-002
  0.91250000000000009        1.7297772498955739        2.5036939779338629E-002
  0.92500000000000004        1.6997458435000745        2.5127647726741253E-002
  0.93750000000000000        1.6699589089525901        2.5199171300334777E-002
  0.95000000000000007        1.6404345563762366        2.5251838831314544E-002
  0.96250000000000002        1.6111896520149454        2.5286022505161210E-002
  0.97500000000000009        1.5822398329487142        2.5302134783792507E-002
  0.98750000000000004        1.5535995265987155        2.5300624765055346E-002
   1.0000000000000000        1.5252819745148589        2.5281974514858918E-002
   1.0125000000000000        1.4972992599485213        2.5246695404862018E-002
   1.0250000000000001        1.4696623387275423        2.5195324486000814E-002
   1.0375000000000001        1.4423810729685604        2.5128420925308648E-002
   1.0500000000000000        1.4154642671826854        2.5046562530579797E-002
   1.0625000000000000        1.3889197063537608        2.4950342384396862E-002
   1.0750000000000000        1.3627541955934941        2.4840365606106696E-002
   1.0875000000000001        1.3369736010039901        2.4717246257355718E-002
   1.1000000000000001        1.3115828914052645        2.4581604403977719E-002
   1.1125000000000000        1.2865861806126948        2.4434063344300982E-002
   1.1250000000000000        1.2619867699767280        2.4275247011377399E-002
   1.1375000000000000        1.2377871909241838        2.4105777554250363E-002
   1.1500000000000001        1.2139892472668994        2.3926273101183115E-002
   1.1625000000000001        1.1905940570690234        2.3737345705768798E-002
   1.1750000000000000        1.1676020938888083        2.3539599475051132E-002
   1.1875000000000000        1.1450132272341196        2.3333628877205026E-002
   1.2000000000000002        1.1228267620929711        2.3120017224936174E-002
   1.2125000000000001        1.1010414774211346        2.2899335329580994E-002
   1.2250000000000001        1.0796556634882017        2.2672140319893730E-002
   1.2375000000000000        1.0586671580013864        2.2438974618681495E-002
   1.2500000000000000        1.0380733809428291        2.2200365069813266E-002
   1.2625000000000002        1.0178713680712361        2.1956822207620963E-002
   1.2750000000000001       0.99805780305236391        2.1708839660365076E-002
   1.2875000000000001       0.97862904819521035        2.1456893679208777E-002
   1.3000000000000000       0.95958117378183549        2.1201442784025248E-002
   1.3125000000000000       0.94090998598857378        2.0942927517360155E-002
   1.3250000000000002       0.92261105340508487        2.0681770297938717E-002
   1.3375000000000001       0.90467973216528585        2.0418375365252817E-002
   1.3500000000000001       0.88711118971079328        2.0153128806989606E-002
   1.3625000000000000       0.86990042721314653        1.9886398661308147E-002
   1.3750000000000000       0.85304230068586162        1.9618535086295741E-002
   1.3875000000000002       0.83653154082134640        1.9349870589263851E-002
   1.4000000000000001       0.82036277159096571        1.9080720308914612E-002
   1.4125000000000001       0.80453052764914623        1.8811382343792649E-002
   1.4250000000000000       0.78902927058441807        1.8542138120825613E-002
   1.4375000000000000       0.77385340406176750        1.8273252798163053E-002
   1.4500000000000002       0.75899728790168075        1.8004975696920056E-002
   1.4625000000000001       0.74445525114184341        1.7737540756829762E-002
   1.4750000000000001       0.73022160412767900        1.7471167011199995E-002
   1.4875000000000000       0.71629064967780620        1.7206059076943947E-002
   1.5000000000000000       0.70265669337011349        1.6942407655827774E-002
