   5.0000000000000003E-002   2.9994375000000000       -1.8754686914146390E-004
  0.10000000000000001        2.9966277408234134       -3.7525617958378277E-004
  0.15000000000000002        2.9893467963489107       -5.6226058394104328E-004
  0.20000000000000001        2.9754439968499882       -7.4647934048810427E-004
  0.25000000000000000        2.9529216503412821       -9.2450350487194299E-004
  0.30000000000000004        2.9200380384881099       -1.0914649198747739E-003
  0.35000000000000003        2.8754221024031561       -1.2409684346721406E-003
  0.40000000000000002        2.8181836577631465       -1.3652144173046388E-003
  0.45000000000000001        2.7480003829289683       -1.4554539366522512E-003
  0.50000000000000000        2.6651637997470754       -1.5028669195911171E-003
  0.55000000000000004        2.5705717660628307       -1.4998232630722974E-003
  0.60000000000000009        2.4656639488399525       -1.4413143179416998E-003
  0.65000000000000002        2.3523072157520253       -1.3262058425609347E-003
  0.70000000000000007        2.2326469700392240       -1.1579443315876681E-003
  0.75000000000000000        2.1089456333330792       -9.4447655703078226E-004
  0.80000000000000004        1.9834296136659657       -6.9737046101847611E-004
  0.85000000000000009        1.8581617611464467       -4.3035532532598175E-004
  0.90000000000000002        1.7349493612031177       -1.5763706177529535E-004
  0.95000000000000007        1.6152903664455649        1.0764890064285382E-004
   1.0000000000000000        1.5003545855864113        3.5458558641132676E-004
   1.0500000000000000        1.3909928146713242        5.7511001921861649E-004
   1.1000000000000001        1.2877654458744603        7.6415887317349274E-004
   1.1500000000000001        1.1909824089580849        9.1943479236866743E-004
   1.2000000000000002        1.1007476822392952        1.0409373712603198E-003
   1.2500000000000000        1.0170034098615275        1.1303939885116687E-003
   1.3000000000000000       0.93957042473783892        1.1906937400286699E-003
   1.3500000000000001       0.86818345032698452        1.2253894231808449E-003
   1.4000000000000001       0.80252034988662735        1.2382986045762490E-003
   1.4500000000000002       0.74222552215542148        1.2332099506607852E-003
   1.5000000000000000       0.68692797140440787        1.2136856901221460E-003
