   2.5000000000000001E-002   2.9999296874999999       -2.3438232410466497E-005
   5.0000000000000003E-002   2.9995781678440148       -4.6879025126678187E-005
   7.5000000000000011E-002   2.9986645995622765       -7.0309148111125097E-005
  0.10000000000000001        2.9969092993882223       -9.3697614774956861E-005
  0.12500000000000000        2.9940350513618310       -1.1699542179455236E-004
  0.15000000000000002        2.9897689217816255       -1.4013515122623943E-004
  0.17500000000000002        2.9838445539139591       -1.6303043865084632E-004
  0.20000000000000001        2.9760049008535234       -1.8557533695284789E-004
  0.22500000000000001        2.9660053366303303       -2.0764364126346635E-004
  0.25000000000000000        2.9536170655607865       -2.2908828536749581E-004
  0.27500000000000002        2.9386307292511145       -2.4974096976082549E-004
  0.30000000000000004        2.9208600911774769       -2.6941223050780394E-004
  0.32500000000000001        2.9001456621931219       -2.8789219756042428E-004
  0.35000000000000003        2.8763581185263307       -3.0495231149751945E-004
  0.37500000000000000        2.8494013586059181       -3.2034825864579730E-004
  0.40000000000000002        2.8192150478420981       -3.3382433835305036E-004
  0.42500000000000004        2.7857765122339009       -3.4511938857972879E-004
  0.45000000000000001        2.7491018625966874       -3.5397426893313266E-004
  0.47500000000000003        2.7092462607025909       -3.6014074253287731E-004
  0.50000000000000000        2.6663032752410887       -3.6339142557784143E-004
  0.52500000000000002        2.6204033169920353       -3.6353030734659342E-004
  0.55000000000000004        2.5717111861185633       -3.6040320733965459E-004
  0.57500000000000007        2.5204228068724359       -3.5390745266550283E-004
  0.60000000000000009        2.4667612631136295       -3.4400004426471398E-004
  0.62500000000000000        2.4109722790884716       -3.3070364308240841E-004
  0.65000000000000002        2.3533193117508846       -3.1410984370161543E-004
  0.67500000000000004        2.2940784322826513       -2.9437939953025349E-004
  0.70000000000000007        2.2335331750730600       -2.7173929775159422E-004
  0.72500000000000009        2.1719695229019482       -2.4647682652467751E-004
  0.75000000000000000        2.1096711788870124       -2.1893100309755553E-004
  0.77500000000000002        2.0469152509481230       -1.8948191537138115E-004
  0.80000000000000004        1.9839684454732587       -1.5853865372550402E-004
  0.82500000000000007        1.9210838359620530       -1.2652656633971304E-004
  0.85000000000000009        1.8584982419110931       -9.3874560679552133E-005
  0.87500000000000000        1.7964302249652995       -6.1003104876000691E-005
  0.90000000000000002        1.7350786847952691       -2.8313469623952869E-005
  0.92500000000000004        1.6746220171625219        3.8213891886407225E-006
  0.95000000000000007        1.6152177816024555        3.5064057533507054E-005
  0.97500000000000009        1.5570028160611471        6.5117896225430627E-005
   1.0000000000000000        1.5000937303054285        9.3730305428474381E-005
   1.0250000000000001        1.4445877083930370        1.2069415149551510E-004
   1.0500000000000000        1.3905635522164077        1.4584756430213730E-004
   1.0750000000000000        1.3380829023498559        1.6907236246854751E-004
   1.1000000000000001        1.2871915783885142        1.9029138722737038E-004
   1.1250000000000000        1.2379209879926389        2.0946502728835803E-004
   1.1500000000000001        1.1902895613674087        2.2658720169244084E-004
   1.1750000000000000        1.1443041754541301        2.4168104037292082E-004
   1.2000000000000002        1.0999615393357194        2.5479446768450487E-004
   1.2250000000000001        1.0572495190247504        2.6599585644238033E-004
   1.2500000000000000        1.0161483857552926        2.7536988227683246E-004
   1.2750000000000001       0.97663197706459748        2.8301367259864207E-004
   1.3000000000000000       0.93866876431056778        2.8903331275753619E-004
   1.3250000000000002       0.90222282385199060        2.9354074484444492E-004
   1.3500000000000001       0.86725471197616766        2.9665107236398480E-004
   1.3750000000000000       0.83372224586614685        2.9848026658096938E-004
   1.4000000000000001       0.80158119453939691        2.9914325734581304E-004
   1.4250000000000000       0.77078588484570365        2.9875238211118926E-004
   1.4500000000000002       0.74128972836582285        2.9741616106215840E-004
   1.4750000000000001       0.71304567547964148        2.9523836316247554E-004
   1.5000000000000000       0.68600660304122241        2.9231732693668633E-004
