  0.10000000000000001        2.9954999999999998       -1.5029970029973860E-003
  0.20000000000000001        2.9731748030734506       -3.0156731170256634E-003
  0.30000000000000004        2.9166568405836704       -4.4726628243143551E-003
  0.40000000000000002        2.8138467381687464       -5.7021340117047181E-003
  0.50000000000000000        2.6602443079020666       -6.4223587645999558E-003
  0.60000000000000009        2.4607790905548823       -6.3261726030119370E-003
  0.70000000000000007        2.2285443792040374       -5.2605351667742717E-003
  0.80000000000000004        1.9807559577896181       -3.3710263373660787E-003
  0.90000000000000002        1.7340427118012887       -1.0642864636043470E-003
   1.0000000000000000        1.5011860448390788        1.1860448390788036E-003
   1.1000000000000001        1.2900296513451541        3.0283643438673291E-003
   1.2000000000000002        1.1040132968644094        4.3065519963745302E-003
   1.3000000000000000       0.94340801409136299        5.0282830935527434E-003
   1.4000000000000001       0.80657503290709054        5.2929816250394390E-003
   1.5000000000000000       0.69094284439237019        5.2285586780844717E-003
