  -5.0000000000000000        3.8461538461538464E-002   0.0000000000000000     
  -4.8999999985098839        1.8118005024060284        1.7718164959852412     
  -4.7999999970197678        2.1406330807976119        2.0990357429777240     
  -4.6999999955296516        1.7950668171576007        1.7517580253940714     
  -4.5999999940395355        1.2266218176513546        1.1814954637490729     
  -4.4999999925494194       0.67584523303672461       0.62878640935881680     
  -4.3999999910593033       0.24970451518660872       0.20058860144081558     
  -4.2999999895691872       -2.4157991789076520E-002  -7.5466355288441131E-002
  -4.1999999880790710      -0.16060471651165192      -0.21425278546938220     
  -4.0999999865889549      -0.19307069347269193      -0.24921892515010086     
  -3.9999999850988388      -0.15894009082077079      -0.21776362064502439     
  -3.8999999836087227       -9.1452204421348771E-002 -0.15314251952851890     
  -3.7999999821186066       -1.6014319846496320E-002  -8.0781159794794388E-002
  -3.6999999806284904        5.0667779051635636E-002  -1.7405741013598028E-002
  -3.5999999791383743        9.9802600016247162E-002   2.8169361423154196E-002
  -3.4999999776482582       0.12889068415677213        5.3418985152359488E-002
  -3.3999999761581421       0.13982440211027489        6.0206566687662444E-002
  -3.2999999746680260       0.13706456856509094        5.2960278063704666E-002
  -3.1999999731779099       0.12609755308874210        3.7129580199741677E-002
  -3.0999999716877937       0.11226720051928778        1.8016492079668364E-002
  -2.9999999701976776        9.9999996920601783E-002  -4.8675375952100808E-009
  -2.8999999687075615        9.2392466706502252E-002  -1.3877460954239723E-002
  -2.7999999672174454        9.1100759429478692E-002  -2.2021414865456779E-002
  -2.6999999657273293        9.6458725203703438E-002  -2.4168539250431637E-002
  -2.5999999642372131       0.10774827590108130       -2.1117706568603567E-002
  -2.4999999627470970       0.12355102582445242       -1.4380012201983108E-002
  -2.3999999612569809       0.14212030320584473       -5.8086949464979665E-003
  -2.2999999597668648       0.16172540505439373        2.7428884529185071E-003
  -2.1999999582767487       0.18093371878942555        9.7008366943353019E-003
  -2.0999999567866325       0.19880977462763683        1.3966884877494257E-002
  -1.9999999552965164       0.21502251211439982        1.5022504961842265E-002
  -1.8999999538064003       0.22986244236137887        1.2942694405379984E-002
  -1.7999999523162842       0.24417862147441788        8.3295553220181229E-003
  -1.6999999508261681       0.25925128609578013        2.1818663066541233E-003
  -1.5999999493360519       0.27661966999852028       -4.2792191982856109E-003
  -1.4999999478459358       0.29788607878048856       -9.8062437248082612E-003
  -1.3999999463558197       0.32451699752883212       -1.3320857452416679E-002
  -1.2999999448657036       0.35766015543421137       -1.4087076271980525E-002
  -1.1999999433755875       0.39799341912433112       -1.1842669275728468E-002
  -1.0999999418854713       0.44561749385000587       -6.8712201099800363E-003
 -0.99999994039535522       0.50000003422735273        4.4250294539693869E-009
 -0.89999993890523911       0.55997423900345111        7.4880175906210100E-003
 -0.79999993741512299       0.62379062936597018        1.4034494574251877E-002
 -0.69999993592500687       0.68921674755073259        1.8075767547583332E-002
 -0.59999993443489075       0.75367617299747602        1.8382012812500181E-002
 -0.49999993294477463       0.81441569522941648        1.4415652314072824E-002
 -0.39999993145465851       0.86868780940618062        6.6188031366569700E-003
 -0.29999992996454239       0.91393496102606375       -3.4962670029501375E-003
 -0.19999992847442627       0.94796215699506925       -1.3576330995153763E-002
  -9.9999926984310150E-002  0.96908562896037698       -2.1013395256006651E-002
   7.4505805969238281E-008  0.97624708552104622       -2.3752914478948228E-002
  0.10000007599592209       0.96908558945327805       -2.1013405548006237E-002
  0.20000007748603821       0.94796208115510394       -1.3576351727273672E-002
  0.30000007897615433       0.91393485485976389       -3.4962979171936359E-003
  0.40000008046627045       0.86868768110536687        6.6187634277652396E-003
  0.50000008195638657       0.81441555428932400        1.4415606741412179E-002
  0.60000008344650269       0.75367602919677856        1.8381965688886504E-002
  0.70000008493661880       0.68921660990731115        1.8075723871215477E-002
  0.80000008642673492       0.62379050518786094        1.4034459040765390E-002
  0.90000008791685104       0.55997413314753153        7.4879936067133723E-003
   1.0000000894069672       0.49999994865898573       -6.6375326901457754E-009
   1.1000000908970833       0.44561742756625999       -6.8712192727536925E-003
   1.2000000923871994       0.39799336846384348       -1.1842659867037530E-002
   1.3000000938773155       0.35766011475157539       -1.4087063413319112E-002
   1.4000000953674316       0.32451696016481885       -1.3320847195846586E-002
   1.5000000968575478       0.29788603821623427       -9.8062419662389710E-003
   1.6000000983476639       0.27661962104715965       -4.2792305252029039E-003
   1.7000000998377800       0.25925122596381983        2.1818396558012654E-003
   1.8000001013278961       0.24417855052185533        8.3295142089105934E-003
   1.9000001028180122       0.22986236440744662        1.2942643095596201E-002
   2.0000001043081284       0.21502243417661937        1.5022450865918940E-002
   2.1000001057982445       0.19880970604519529        1.3966837678359101E-002
   2.2000001072883606       0.18093366976486938        9.7008068939261893E-003
   2.3000001087784767       0.16172538474445775        2.7428854681179615E-003
   2.4000001102685928       0.14212031759404287       -5.8086649063681939E-003
   2.5000001117587090       0.12355107570284203       -1.4379948148886587E-002
   2.6000001132488251       0.10774835536156491       -2.1117614240447474E-002
   2.7000001147389412        9.6458821073261147E-002  -2.4168431672278654E-002
   2.8000001162290573        9.1100852060550713E-002  -2.2021311556048473E-002
   2.9000001177191734        9.2392532435366423E-002  -1.3877385464947989E-002
   3.0000001192092896       0.10000001231751646        1.9470073456262504E-008
   3.1000001206994057       0.11226714826422388        1.8016448031539900E-002
   3.2000001221895218       0.12609742891466616        3.7129463574283719E-002
   3.3000001236796379       0.13706438822971034        5.2960104684976764E-002
   3.4000001251697540       0.13982420681932076        6.0206377819882931E-002
   3.5000001266598701       0.12889054232655106        5.3418849263505402E-002
   3.6000001281499863        9.9802602824890577E-002   2.8169369737107305E-002
   3.7000001296401024        5.0668027027490993E-002  -1.7405487927891837E-002
   3.8000001311302185       -1.6013741716518912E-002  -8.0780576914319460E-002
   3.9000001326203346       -9.1451264641277313E-002 -0.15314157532512429     
   4.0000001341104507      -0.15893886196824650      -0.21776238766761136     
   4.1000001356005669      -0.19306941145963455      -0.24921763928486759     
   4.2000001370906830      -0.16060383891536173      -0.21425190427056234     
   4.3000001385807991       -2.4158237125068663E-002  -7.5466597250823331E-002
   4.4000001400709152       0.24970217769703940       0.20058626711459607     
   4.5000001415610313       0.67583969090812612       0.62878087020013829     
   4.6000001430511475        1.2266120910729890        1.1814857399624052     
   4.7000001445412636        1.7950526063077585        1.7517438171714712     
   4.8000001460313797        2.1406157290158672        2.0990183936712481     
   4.9000001475214958        1.8117845737171701        1.7718005696310166     
