  -5.0000000000000000        3.8461538461538464E-002   0.0000000000000000     
  -4.8999999985098839        1.8118005024059791        1.7718164959851919     
  -4.7999999970197678        2.1406330807976097        2.0990357429777218     
  -4.6999999955296516        1.7950668171575588        1.7517580253940295     
  -4.5999999940395355        1.2266218176513086        1.1814954637490269     
  -4.4999999925494194       0.67584523303671817       0.62878640935881036     
  -4.3999999910593033       0.24970451518660031       0.20058860144080717     
  -4.2999999895691872       -2.4157991789073959E-002  -7.5466355288438577E-002
  -4.1999999880790710      -0.16060471651165273      -0.21425278546938301     
  -4.0999999865889549      -0.19307069347268419      -0.24921892515009311     
  -3.9999999850988388      -0.15894009082077062      -0.21776362064502422     
  -3.8999999836087227       -9.1452204421345162E-002 -0.15314251952851529     
  -3.7999999821186066       -1.6014319846495199E-002  -8.0781159794793278E-002
  -3.6999999806284904        5.0667779051636080E-002  -1.7405741013597584E-002
  -3.5999999791383743        9.9802600016247051E-002   2.8169361423154085E-002
  -3.4999999776482582       0.12889068415677132        5.3418985152358683E-002
  -3.3999999761581421       0.13982440211027439        6.0206566687661944E-002
  -3.2999999746680260       0.13706456856509103        5.2960278063704749E-002
  -3.1999999731779099       0.12609755308874096        3.7129580199740539E-002
  -3.0999999716877937       0.11226720051928753        1.8016492079668114E-002
  -2.9999999701976776        9.9999996920601825E-002  -4.8675375535767174E-009
  -2.8999999687075615        9.2392466706502224E-002  -1.3877460954239751E-002
  -2.7999999672174454        9.1100759429478845E-002  -2.2021414865456626E-002
  -2.6999999657273293        9.6458725203703480E-002  -2.4168539250431595E-002
  -2.5999999642372131       0.10774827590108120       -2.1117706568603664E-002
  -2.4999999627470970       0.12355102582445247       -1.4380012201983053E-002
  -2.3999999612569809       0.14212030320584490       -5.8086949464977999E-003
  -2.2999999597668648       0.16172540505439376        2.7428884529185349E-003
  -2.1999999582767487       0.18093371878942552        9.7008366943352742E-003
  -2.0999999567866325       0.19880977462763685        1.3966884877494284E-002
  -1.9999999552965164       0.21502251211439999        1.5022504961842431E-002
  -1.8999999538064003       0.22986244236137868        1.2942694405379790E-002
  -1.7999999523162842       0.24417862147441771        8.3295553220179563E-003
  -1.6999999508261681       0.25925128609578013        2.1818663066541233E-003
  -1.5999999493360519       0.27661966999852045       -4.2792191982854444E-003
  -1.4999999478459358       0.29788607878048895       -9.8062437248078727E-003
  -1.3999999463558197       0.32451699752883273       -1.3320857452416068E-002
  -1.2999999448657036       0.35766015543421192       -1.4087076271979970E-002
  -1.1999999433755875       0.39799341912433189       -1.1842669275727691E-002
  -1.0999999418854713       0.44561749385000643       -6.8712201099794812E-003
 -0.99999994039535522       0.50000003422735340        4.4250301201032016E-009
 -0.89999993890523911       0.55997423900345167        7.4880175906215651E-003
 -0.79999993741512299       0.62379062936597129        1.4034494574252987E-002
 -0.69999993592500687       0.68921674755073359        1.8075767547584332E-002
 -0.59999993443489075       0.75367617299747725        1.8382012812501403E-002
 -0.49999993294477463       0.81441569522941804        1.4415652314074379E-002
 -0.39999993145465851       0.86868780940618251        6.6188031366588573E-003
 -0.29999992996454239       0.91393496102606520       -3.4962670029486942E-003
 -0.19999992847442627       0.94796215699507114       -1.3576330995151875E-002
  -9.9999926984310150E-002  0.96908562896037953       -2.1013395256004097E-002
   7.4505805969238281E-008  0.97624708552104822       -2.3752914478946230E-002
  0.10000007599592209       0.96908558945328038       -2.1013405548003905E-002
  0.20000007748603821       0.94796208115510638       -1.3576351727271230E-002
  0.30000007897615433       0.91393485485976600       -3.4962979171915265E-003
  0.40000008046627045       0.86868768110536942        6.6187634277677931E-003
  0.50000008195638657       0.81441555428932577        1.4415606741413955E-002
  0.60000008344650269       0.75367602919677945        1.8381965688887392E-002
  0.70000008493661880       0.68921660990731159        1.8075723871215921E-002
  0.80000008642673492       0.62379050518785983        1.4034459040764280E-002
  0.90000008791685104       0.55997413314752809        7.4879936067099306E-003
   1.0000000894069672       0.49999994865898056       -6.6375378526828399E-009
   1.1000000908970833       0.44561742756624989       -6.8712192727637955E-003
   1.2000000923871994       0.39799336846383299       -1.1842659867048022E-002
   1.3000000938773155       0.35766011475155712       -1.4087063413337375E-002
   1.4000000953674316       0.32451696016479398       -1.3320847195871455E-002
   1.5000000968575478       0.29788603821619847       -9.8062419662747757E-003
   1.6000000983476639       0.27661962104712035       -4.2792305252422058E-003
   1.7000000998377800       0.25925122596375288        2.1818396557343189E-003
   1.8000001013278961       0.24417855052178297        8.3295142088382346E-003
   1.9000001028180122       0.22986236440732641        1.2942643095475992E-002
   2.0000001043081284       0.21502243417650130        1.5022450865800868E-002
   2.1000001057982445       0.19880970604503245        1.3966837678196259E-002
   2.2000001072883606       0.18093366976464711        9.7008068937039227E-003
   2.3000001087784767       0.16172538474420628        2.7428854678664960E-003
   2.4000001102685928       0.14212031759370256       -5.8086649067085050E-003
   2.5000001117587090       0.12355107570245352       -1.4379948149275096E-002
   2.6000001132488251       0.10774835536101443       -2.1117614240997951E-002
   2.7000001147389412        9.6458821072506390E-002  -2.4168431673033411E-002
   2.8000001162290573        9.1100852060123402E-002  -2.2021311556475784E-002
   2.9000001177191734        9.2392532434519239E-002  -1.3877385465795172E-002
   3.0000001192092896       0.10000001231667376        1.9469230755353450E-008
   3.1000001206994057       0.11226714826293370        1.8016448030249724E-002
   3.2000001221895218       0.12609742891329206        3.7129463572909624E-002
   3.3000001236796379       0.13706438822780559        5.2960104683072010E-002
   3.4000001251697540       0.13982420681704263        6.0206377817604809E-002
   3.5000001266598701       0.12889054232466263        5.3418849261616969E-002
   3.6000001281499863        9.9802602821868647E-002   2.8169369734085375E-002
   3.7000001296401024        5.0668027023622463E-002  -1.7405487931760368E-002
   3.8000001311302185       -1.6013741720298867E-002  -8.0780576918099423E-002
   3.9000001326203346       -9.1451264643397576E-002 -0.15314157532724457     
   4.0000001341104507      -0.15893886197441967      -0.21776238767378453     
   4.1000001356005669      -0.19306941146817203      -0.24921763929340507     
   4.2000001370906830      -0.16060383892149202      -0.21425190427669266     
   4.3000001385807991       -2.4158237134059138E-002  -7.5466597259813806E-002
   4.4000001400709152       0.24970217769428188       0.20058626711183855     
   4.5000001415610313       0.67583969090119911       0.62878087019321127     
   4.6000001430511475        1.2266120910604710        1.1814857399498873     
   4.7000001445412636        1.7950526062887942        1.7517438171525068     
   4.8000001460313797        2.1406157290023451        2.0990183936577260     
   4.9000001475214958        1.8117845736986862        1.7718005696125327     
