   0.0000000000000000        2.9999941406357289     
   1.2500000000000001E-002   2.9999531257309799     
   2.5000000000000001E-002   2.9998418052151559     
   3.7500000000000006E-002   2.9996250468662731     
   5.0000000000000003E-002   2.9992677568916886     
   6.2500000000000000E-002   2.9987349087060320     
   7.5000000000000011E-002   2.9979915798544359     
   8.7500000000000008E-002   2.9970029969969887     
  0.10000000000000001        2.9957345888304170     
  0.11250000000000000        2.9941520467755764     
  0.12500000000000000        2.9922213932048014     
  0.13750000000000001        2.9899090569220070     
  0.15000000000000002        2.9871819555413164     
  0.16250000000000001        2.9840075843376872     
  0.17500000000000002        2.9803541110665042     
  0.18750000000000000        2.9761904761694833     
  0.20000000000000001        2.9714864977028137     
  0.21250000000000002        2.9662129802416577     
  0.22500000000000001        2.9603418269345290     
  0.23750000000000002        2.9538461538033656     
  0.25000000000000000        2.9467004053121135     
  0.26250000000000001        2.9388804701601838     
  0.27500000000000002        2.9303637961991291     
  0.28750000000000003        2.9211295033231597     
  0.30000000000000004        2.9111584931484620     
  0.31250000000000000        2.9004335542743727     
  0.32500000000000001        2.8889394619127589     
  0.33750000000000002        2.8766630706817340     
  0.35000000000000003        2.8635933993870442     
  0.36250000000000004        2.8497217066597433     
  0.37500000000000000        2.8350415563823841     
  0.38750000000000001        2.8195488719177626     
  0.40000000000000002        2.8032419782536699     
  0.41250000000000003        2.7861216312931583     
  0.42500000000000004        2.7681910336510462     
  0.43750000000000000        2.7494558364619586     
  0.45000000000000001        2.7299241268608569     
  0.46250000000000002        2.7096064009612371     
  0.47500000000000003        2.6885155223260861     
  0.48750000000000004        2.6666666660992795     
  0.50000000000000000        2.6440772491371818     
  0.51250000000000007        2.6207668466485838     
  0.52500000000000002        2.5967570960126101     
  0.53749999999999998        2.5720715885958119     
  0.55000000000000004        2.5467357505285451     
  0.56250000000000000        2.5207767135243659     
  0.57500000000000007        2.4942231769324277     
  0.58750000000000002        2.4671052622999836     
  0.60000000000000009        2.4394543617888003     
  0.61250000000000004        2.4113029818347913     
  0.62500000000000000        2.3826845834641501     
  0.63750000000000007        2.3536334206819078     
  0.65000000000000002        2.3241843783307941     
  0.66250000000000009        2.2943728107806169     
  0.67500000000000004        2.2642343827525724     
  0.68750000000000000        2.2338049135107156     
  0.70000000000000007        2.2031202255663493     
  0.71250000000000002        2.1722159989425451     
  0.72500000000000009        2.1411276319377883     
  0.73750000000000004        2.1098901092122690     
  0.75000000000000000        2.0785378779000605     
  0.76250000000000007        2.0471047323276781     
  0.77500000000000002        2.0156237077965637     
  0.78750000000000009        1.9841269837659443     
  0.80000000000000004        1.9526457966551567     
  0.81250000000000000        1.9212103623725634     
  0.82500000000000007        1.8898498085729805     
  0.83750000000000002        1.8585921165482655     
  0.85000000000000009        1.8274640725672260     
  0.86250000000000004        1.7964912284019574     
  0.87500000000000000        1.7656978707084678     
  0.88750000000000007        1.7351069988701713     
  0.90000000000000002        1.7047403108634898     
  0.91250000000000009        1.6746181966651674     
  0.92500000000000004        1.6447597386906048     
  0.93750000000000000        1.6151827187310583     
  0.95000000000000007        1.5859036308443228     
  0.96250000000000002        1.5569376996478377     
  0.97500000000000009        1.5282989034643066     
  0.98750000000000004        1.5000000017771331     
   1.0000000000000000        1.4720525664654653     
   1.0125000000000000        1.4444670163056705     
   1.0250000000000001        1.4172526542468478     
   1.0375000000000001        1.3904177069918462     
   1.0500000000000000        1.3639693664414967     
   1.0625000000000000        1.3379138325877700     
   1.0750000000000000        1.3122563574707742     
   1.0875000000000001        1.2870012898443799     
   1.1000000000000001        1.2621521202253656     
   1.1125000000000000        1.2377115260308953     
   1.1250000000000000        1.2136814165385519     
   1.1375000000000000        1.1900629774317530     
   1.1500000000000001        1.1668567147209341     
   1.1625000000000001        1.1440624978572167     
   1.1750000000000000        1.1216796018802375     
   1.1875000000000000        1.0997067484652809     
   1.2000000000000002        1.0781421457567861     
   1.2125000000000001        1.0569835268956216     
   1.2250000000000001        1.0362281871662480     
   1.2375000000000000        1.0158730197070138     
   1.2500000000000000       0.99591454974238991     
   1.2625000000000002       0.97634896730998566     
   1.2750000000000001       0.95717215846776615     
   1.2875000000000001       0.93837973497806182     
   1.3000000000000000       0.91996706247481663     
   1.3125000000000000       0.90192928712913156     
   1.3250000000000002       0.88426136083560514     
   1.3375000000000001       0.86695806494834804     
   1.3500000000000001       0.85001403260092689     
   1.3625000000000000       0.83342376964896092     
   1.3750000000000000       0.81718167427773958     
   1.3875000000000002       0.80128205532011976     
   1.4000000000000001       0.78571914933217868     
   1.4125000000000001       0.77048713647571343     
   1.4250000000000000       0.75558015525775390     
   1.4375000000000000       0.74099231617786221     
   1.4500000000000002       0.72671771433417864     
   1.4625000000000001       0.71275044103900376     
   1.4750000000000001       0.69908459449422378     
   1.4875000000000000       0.68571428957613711     
   1.5000000000000000       0.67263366677826886     
