   1.2500000000000001E-002   2.9999941406357289       -7.1542771706845087E-013
   2.5000000000000001E-002   2.9999531257309799       -1.4304113449270517E-012
   3.7500000000000006E-002   2.9998418052151559       -2.1467272404152027E-012
   5.0000000000000003E-002   2.9996250468662731       -2.8683722064215544E-012
   6.2500000000000000E-002   2.9992677568916886       -3.6006753134643077E-012
   7.5000000000000011E-002   2.9987349087060320       -4.3556269702094141E-012
   8.7500000000000008E-002   2.9979915798544359       -5.1505466558410262E-012
  0.10000000000000001        2.9970029969969887       -6.0085270092713472E-012
  0.11250000000000000        2.9957345888304170       -6.9606542751898814E-012
  0.12500000000000000        2.9941520467755764       -8.0491169285323849E-012
  0.13750000000000001        2.9922213932048014       -9.3236529608020646E-012
  0.15000000000000002        2.9899090569220070       -1.0844658504538529E-011
  0.16250000000000001        2.9871819555413164       -1.2683187833317788E-011
  0.17500000000000002        2.9840075843376872       -1.4922729718591654E-011
  0.18750000000000000        2.9803541110665042       -1.7657875162058190E-011
  0.20000000000000001        2.9761904761694833       -2.0992985128032160E-011
  0.21250000000000002        2.9714864977028137       -2.5043522811074581E-011
  0.22500000000000001        2.9662129802416577       -2.9936053635992721E-011
  0.23750000000000002        2.9603418269345290       -3.5803804365741598E-011
  0.25000000000000000        2.9538461538033656       -4.2788439458263383E-011
  0.26250000000000001        2.9467004053121135       -5.1034731995969196E-011
  0.27500000000000002        2.9388804701601838       -6.0691451864158807E-011
  0.28750000000000003        2.9303637961991291       -7.1906480769712289E-011
  0.30000000000000004        2.9211295033231597       -8.4825035884250610E-011
  0.31250000000000000        2.9111584931484620       -9.9583452595197741E-011
  0.32500000000000001        2.9004335542743727       -1.1630962859499050E-010
  0.33750000000000002        2.8889394619127589       -1.3511547436451110E-010
  0.35000000000000003        2.8766630706817340       -1.5609424863782806E-010
  0.36250000000000004        2.8635933993870442       -1.7931522933167798E-010
  0.37500000000000000        2.8497217066597433       -2.0482060492099663E-010
  0.38750000000000001        2.8350415563823841       -2.3262014536840070E-010
  0.40000000000000002        2.8195488719177626       -2.6268853758892874E-010
  0.41250000000000003        2.8032419782536699       -2.9495872411189339E-010
  0.42500000000000004        2.7861216312931583       -3.2932234717009123E-010
  0.43750000000000000        2.7681910336510462       -3.6562397554007475E-010
  0.45000000000000001        2.7494558364619586       -4.0366199272057202E-010
  0.46250000000000002        2.7299241268608569       -4.4318282377275864E-010
  0.47500000000000003        2.7096064009612371       -4.8388670847998583E-010
  0.48750000000000004        2.6885155223260861       -5.2542059592042278E-010
  0.50000000000000000        2.6666666660992795       -5.6738702625125370E-010
  0.51250000000000007        2.6440772491371818       -6.0934102208420882E-010
  0.52500000000000002        2.6207668466485838       -6.5079808209134171E-010
  0.53749999999999998        2.5967570960126101       -6.9123284873739976E-010
  0.55000000000000004        2.5720715885958119       -7.3009109868849009E-010
  0.56250000000000000        2.5467357505285451       -7.6679151916891897E-010
  0.57500000000000007        2.5207767135243659       -8.0073547792380850E-010
  0.58750000000000002        2.4942231769324277       -8.3131279637882471E-010
  0.60000000000000009        2.4671052622999836       -8.5791063142437451E-010
  0.61250000000000004        2.4394543617888003       -8.7992457764585197E-010
  0.62500000000000000        2.4113029818347913       -8.9676266412652694E-010
  0.63750000000000007        2.3826845834641501       -9.0785867712384061E-010
  0.65000000000000002        2.3536334206819078       -9.1267837731834334E-010
  0.66250000000000009        2.3241843783307941       -9.1072882568710156E-010
  0.67500000000000004        2.2943728107806169       -9.0156460075263567E-010
  0.68750000000000000        2.2642343827525724       -8.8479623627790716E-010
  0.70000000000000007        2.2338049135107156       -8.6009599442604667E-010
  0.71250000000000002        2.2031202255663493       -8.2720319483087223E-010
  0.72500000000000009        2.1722159989425451       -7.8592776731056802E-010
  0.73750000000000004        2.1411276319377883       -7.3615380458136315E-010
  0.75000000000000000        2.1098901092122690       -6.7784089452516127E-010
  0.76250000000000007        2.0785378779000605       -6.1102412018954055E-010
  0.77500000000000002        2.0471047323276781       -5.3581628023380290E-010
  0.78750000000000009        2.0156237077965637       -4.5240211576924594E-010
  0.80000000000000004        1.9841269837659443       -3.6103986467139748E-010
  0.81250000000000000        1.9526457966551567       -2.6205282388502837E-010
  0.82500000000000007        1.9212103623725634       -1.5582934942415250E-010
  0.83750000000000002        1.8898498085729805       -4.2815306855459312E-011
  0.85000000000000009        1.8585921165482655        7.6492812084438810E-011
  0.86250000000000004        1.8274640725672260        2.0155233038110509E-010
  0.87500000000000000        1.7964912284019574        3.3178193525884581E-010
  0.88750000000000007        1.7656978707084678        4.6656967178648756E-010
  0.90000000000000002        1.7351069988701713        6.0527827194789552E-010
  0.91250000000000009        1.7047403108634898        7.4725448051538024E-010
  0.92500000000000004        1.6746181966651674        8.9183416207561095E-010
  0.93750000000000000        1.6447597386906048        1.0383494064569732E-009
  0.95000000000000007        1.6151827187310583        1.1861363002907410E-009
  0.96250000000000002        1.5859036308443228        1.3345387017693611E-009
  0.97500000000000009        1.5569376996478377        1.4829160122076246E-009
  0.98750000000000004        1.5282989034643066        1.6306465067117415E-009
   1.0000000000000000        1.5000000017771331        1.7771331073390684E-009
   1.0125000000000000        1.4720525664654653        1.9218060476333676E-009
   1.0250000000000001        1.4444670163056705        2.0641290898737452E-009
   1.0375000000000001        1.4172526542468478        2.2035959723609722E-009
   1.0500000000000000        1.3904177069918462        2.3397406234693108E-009
   1.0625000000000000        1.3639693664414967        2.4721327207544164E-009
   1.0750000000000000        1.3379138325877700        2.6003825759346455E-009
   1.0875000000000001        1.3122563574707742        2.7241398026234265E-009
   1.1000000000000001        1.2870012898443799        2.8430930942846544E-009
   1.1125000000000000        1.2621521202253656        2.9569717785449257E-009
   1.1250000000000000        1.2377115260308953        3.0655447069705133E-009
   1.1375000000000000        1.2136814165385519        3.1686184787105276E-009
   1.1500000000000001        1.1900629774317530        3.2660367743631014E-009
   1.1625000000000001        1.1668567147209341        3.3576794677969701E-009
   1.1750000000000000        1.1440624978572167        3.4434595175270033E-009
   1.1875000000000000        1.1216796018802375        3.5233229667142041E-009
   1.2000000000000002        1.0997067484652809        3.5972460565858455E-009
   1.2125000000000001        1.0781421457567861        3.6652325619002113E-009
   1.2250000000000001        1.0569835268956216        3.7273135689019909E-009
   1.2375000000000000        1.0362281871662480        3.7835430344301813E-009
   1.2500000000000000        1.0158730197070138        3.8339980079626912E-009
   1.2625000000000002       0.99591454974238991        3.8787747458357558E-009
   1.2750000000000001       0.97634896730998566        3.9179868238647941E-009
   1.2875000000000001       0.95717215846776615        3.9517645822328973E-009
   1.3000000000000000       0.93837973497806182        3.9802515727771492E-009
   1.3125000000000000       0.91996706247481663        4.0036030046763926E-009
   1.3250000000000002       0.90192928712913156        4.0219854113843212E-009
   1.3375000000000001       0.88426136083560514        4.0355720987150789E-009
   1.3500000000000001       0.86695806494834804        4.0445443660885871E-009
   1.3625000000000000       0.85001403260092689        4.0490885089283779E-009
   1.3750000000000000       0.83342376964896092        4.0493950415054769E-009
   1.3875000000000002       0.81718167427773958        4.0456570316038665E-009
   1.4000000000000001       0.80128205532011976        4.0380686572305535E-009
   1.4125000000000001       0.78571914933217868        4.0268250955932672E-009
   1.4250000000000000       0.77048713647571343        4.0121209687882242E-009
   1.4375000000000000       0.75558015525775390        3.9941494556217094E-009
   1.4500000000000002       0.74099231617786221        3.9731015144539583E-009
   1.4625000000000001       0.72671771433417864        3.9491649950207375E-009
   1.4750000000000001       0.71275044103900376        3.9225247494556470E-009
   1.4875000000000000       0.69908459449422378        3.8933615220670958E-009
   1.5000000000000000       0.68571428957613711        3.8618513942267896E-009
