   2.5000000000000001E-002   2.9999531256866354       -4.5774939394505054E-011
   5.0000000000000003E-002   2.9996250467775263       -9.1615159902858068E-011
   7.5000000000000011E-002   2.9987349085722936       -1.3809398069497547E-010
  0.10000000000000001        2.9970029968160978       -1.8689938485749735E-010
  0.12500000000000000        2.9941520465422085       -2.4141710852632059E-010
  0.15000000000000002        2.9899090566255895       -3.0726221567078937E-010
  0.17500000000000002        2.9840075839599192       -3.9269076879122622E-010
  0.20000000000000001        2.9761904756816269       -5.0884940705486770E-010
  0.22500000000000001        2.9662129796018171       -6.6977667856349399E-010
  0.25000000000000000        2.9538461529540503       -8.9210372422598994E-010
  0.27500000000000002        2.9388804690264947       -1.1943805944270025E-009
  0.30000000000000004        2.9211295018119801       -1.5960046617635726E-009
  0.32500000000000001        2.9004335522749503       -2.1157320340137176E-009
  0.35000000000000003        2.8766630680680039       -2.7698243698637270E-009
  0.37500000000000000        2.8497217032946573       -3.5699065925598461E-009
  0.40000000000000002        2.8195488676597558       -4.5206953735998923E-009
  0.42500000000000004        2.7861216260047019       -5.6177786866840052E-009
  0.45000000000000001        2.7494558300199299       -6.8456906809899465E-009
  0.47500000000000003        2.7096063932686034       -8.1765203496786398E-009
  0.50000000000000000        2.6666666570973789       -9.5692875845543313E-009
  0.52500000000000002        2.6207668363291012       -1.0970280683864075E-008
  0.55000000000000004        2.5720715770114584       -1.2314444575167727E-008
  0.57500000000000007        2.5207767007972488       -1.3527852615879965E-008
  0.60000000000000009        2.4671052486267704       -1.4531123859740092E-008
  0.62500000000000000        2.4113029674879649       -1.5243589057689633E-008
  0.65000000000000002        2.3536334060067161       -1.5587870105804313E-008
  0.67500000000000004        2.2943727961876634       -1.5494518113001732E-008
  0.70000000000000007        2.2338048994645048       -1.4906306855522189E-008
  0.72500000000000009        2.1722159859466421       -1.3781830787706895E-008
  0.75000000000000000        2.1098900977919945       -1.2098115398373466E-008
  0.77500000000000002        2.0471047230114450       -9.8520493985176927E-009
  0.80000000000000004        1.9841269770664087       -7.0605754576291702E-009
  0.82500000000000007        1.9212103587687177       -3.7596750157575798E-009
  0.85000000000000009        1.8585921164694685       -2.3041568653070499E-012
  0.87500000000000000        1.7964912322146804        4.1445049614452500E-009
  0.90000000000000002        1.7351070068679904        8.6030973456274751E-009
  0.92500000000000004        1.6746182090622623        1.3288929068266953E-008
  0.95000000000000007        1.6151827356592292        1.8114307165362220E-008
  0.97500000000000009        1.5569377211568285        2.2991906822866781E-008
   1.0000000000000000        1.5000000278378844        2.7837884442050154E-008
   1.0250000000000001        1.4444670468160052        3.2574463793011432E-008
   1.0500000000000000        1.3904177417840322        3.7131926644562441E-008
   1.0750000000000000        1.3379138714373888        4.1450001431186934E-008
   1.1000000000000001        1.2870013324799530        4.5478666166332005E-008
   1.1250000000000000        1.2377115721437779        4.9178427330431873E-008
   1.1500000000000001        1.1900630266858767        5.2520160442881547E-008
   1.1750000000000000        1.1440625498983432        5.5484586036769201E-008
   1.2000000000000002        1.0997068029295189        5.8061484065063951E-008
   1.2250000000000001        1.0569835834170309        6.0248722899558516E-008
   1.2500000000000000        1.0158730779242018        6.2051185967249012E-008
   1.2750000000000001       0.97634902687165215        6.3479653311659945E-008
   1.3000000000000000       0.93837979554750761        6.4549697365023917E-008
   1.3250000000000002       0.90192934838777639        6.5280630234809678E-008
   1.3500000000000001       0.86695812659833271        6.5694529038928806E-008
   1.3750000000000000       0.83342383141492715        6.5815361272036910E-008
   1.4000000000000001       0.80128211695026796        6.5668216864267492E-008
   1.4250000000000000       0.77048719774224317        6.5278650707156771E-008
   1.4500000000000002       0.74099237687689812        6.4672137423116283E-008
   1.4750000000000001       0.71275050099010295        6.3873623945553959E-008
   1.5000000000000000       0.68571434862146774        6.2907182019067420E-008
