   5.0000000000000003E-002   2.9996250439401630       -2.9289783931574220E-009
  0.10000000000000001        2.9970029911116325       -5.8913647293934446E-009
  0.15000000000000002        2.9899090477530170       -9.1798346701921218E-009
  0.20000000000000001        2.9761904625572835       -1.3633192796902449E-008
  0.25000000000000000        2.9538461330203951       -2.0825758895171020E-008
  0.30000000000000004        2.9211294703785442       -3.3029440515974784E-008
  0.35000000000000003        2.8766630180228998       -5.2814928430677810E-008
  0.40000000000000002        2.8195487899505727       -8.2229878461959061E-008
  0.45000000000000001        2.7494557152087364       -1.2165688412224540E-007
  0.50000000000000000        2.6666664979937629       -1.6867290364430687E-007
  0.55000000000000004        2.5720713719295252       -2.1739637778850351E-007
  0.60000000000000009        2.4671050043753109       -2.5878258336220483E-007
  0.65000000000000002        2.3536331395504484       -2.8204413782262350E-007
  0.70000000000000007        2.2338046374522551       -2.7691855652989261E-007
  0.75000000000000000        2.1098898737855207       -2.3610458921297095E-007
  0.80000000000000004        1.9841268270549215       -1.5707206268977814E-007
  0.85000000000000009        1.8585920737847865       -4.2686986168050112E-008
  0.90000000000000002        1.7351070977148007        9.9449907642323865E-008
  0.95000000000000007        1.6151829761610126        2.5861609054267376E-007
   1.0000000000000000        1.5000004229655339        4.2296553393050829E-007
   1.0500000000000000        1.3904182860173062        5.8136520064699937E-007
   1.1000000000000001        1.2870020117129788        7.2471169199062047E-007
   1.1500000000000001        1.1900638207718335        8.4660611721076862E-007
   1.2000000000000002        1.0997076883211296        9.4345309475940553E-007
   1.2500000000000000        1.0158740300234852        1.0141504693805814E-006
   1.3000000000000000       0.93838079055484958        1.0595570393290288E-006
   1.3500000000000001       0.86695914279929398        1.0818954903069056E-006
   1.4000000000000001       0.80128313547930341        1.0841972523101262E-006
   1.4500000000000002       0.74099338205107068        1.0698463099867439E-006
   1.5000000000000000       0.68571532795501211        1.0422407263899203E-006
