  0.10000000000000001        2.9970028098648624       -1.8713813476622931E-007
  0.20000000000000001        2.9761900845253271       -3.9166514920196960E-007
  0.30000000000000004        2.9211287450655572       -7.5834242752037540E-007
  0.40000000000000002        2.8195472611682506       -1.6110122005308369E-006
  0.50000000000000000        2.6666634893151491       -3.1773515174471356E-006
  0.60000000000000009        2.4671002576484211       -5.0055094731327188E-006
  0.70000000000000007        2.2337991420369621       -5.7723338495740961E-006
  0.80000000000000004        1.9841228545830834       -4.1295439008326440E-006
  0.90000000000000002        1.7351071138192147        1.1555432166687751E-007
   1.0000000000000000        1.5000058066817192        5.8066817192337083E-006
   1.1000000000000001        1.2870125944758308        1.1307474544031137E-005
   1.2000000000000002        1.0997221690751986        1.5424207163716730E-005
   1.3000000000000000       0.93839745820162812        1.7727203817874404E-005
   1.4000000000000001       0.80130042663653445        1.8375354483346484E-005
   1.5000000000000000       0.68573208571508049        1.7800000794765403E-005
