  -5.0000000000000000        3.8461538461538464E-002   0.0000000000000000     
  -4.9900000002235174        3.8587969945794852E-002  -2.1919587985815003E-005
  -4.9800000004470348        3.8715889500142944E-002  -4.3199499540257091E-005
  -4.9700000006705523        3.8845305904780407E-002  -6.3837344703436549E-005
  -4.9600000008940697        3.8976227939904975E-002  -8.3830792891793904E-005
  -4.9500000011175871        3.9108664385714330E-002  -1.0317757355067514E-004
  -4.9400000013411045        3.9242624022406192E-002  -1.2187547681501848E-004
  -4.9300000015646219        3.9378115630178269E-002  -1.3992235417845111E-004
  -4.9200000017881393        3.9515147989228235E-002  -1.5731611917087912E-004
  -4.9100000020116568        3.9653729879753803E-002  -1.7405474804452203E-004
  -4.9000000022351742        3.9793870081952697E-002  -1.9013628046882225E-004
  -4.8900000024586916        3.9935577376022588E-002  -2.0555882023409050E-004
  -4.8800000026822090        4.0078860542161206E-002  -2.2032053596413720E-004
  -4.8700000029057264        4.0223728360566230E-002  -2.3441966183797985E-004
  -4.8600000031292439        4.0370189611435382E-002  -2.4785449832072370E-004
  -4.8500000033527613        4.0518253074966350E-002  -2.6062341290390006E-004
  -4.8400000035762787        4.0667927531356847E-002  -2.7272484085513748E-004
  -4.8300000037997961        4.0819221760804561E-002  -2.8415728597758205E-004
  -4.8200000040233135        4.0972144543507220E-002  -2.9491932137894888E-004
  -4.8100000042468309        4.1126704659662505E-002  -3.0500959025058644E-004
  -4.8000000044703484        4.1282910889468123E-002  -3.1442680665649814E-004
  -4.7900000046938658        4.1440772013121782E-002  -3.2316975633252948E-004
  -4.7800000049173832        4.1600296810821183E-002  -3.3123729749597042E-004
  -4.7700000051409006        4.1761494062764019E-002  -3.3862836166556609E-004
  -4.7600000053644180        4.1924372549147999E-002  -3.4534195449214405E-004
  -4.7500000055879354        4.2088941050170831E-002  -3.5137715660006619E-004
  -4.7400000058114529        4.2255208346030207E-002  -3.5673312443965099E-004
  -4.7300000060349703        4.2423183216923843E-002  -3.6140909115057324E-004
  -4.7200000062584877        4.2592874443049433E-002  -3.6540436743666416E-004
  -4.7100000064820051        4.2764290804604685E-002  -3.6871834245202212E-004
  -4.7000000067055225        4.2937441081787285E-002  -3.7135048469881526E-004
  -4.6900000069290400        4.3112334054794955E-002  -3.7330034293672765E-004
  -4.6800000071525574        4.3288978503825390E-002  -3.7456754710445128E-004
  -4.6700000073760748        4.3467383209076282E-002  -3.7515180925325187E-004
  -4.6600000075995922        4.3647556950745361E-002  -3.7505292449270533E-004
  -4.6500000078231096        4.3829508509030307E-002  -3.7427077194913949E-004
  -4.6400000080466270        4.4013246664128827E-002  -3.7280531573648940E-004
  -4.6300000082701445        4.4198780196238616E-002  -3.7065660594011451E-004
  -4.6200000084936619        4.4386117885557394E-002  -3.6782477961358473E-004
  -4.6100000087171793        4.4575268512282856E-002  -3.6431006178874042E-004
  -4.6000000089406967        4.4766240856612703E-002  -3.6011276649913770E-004
  -4.5900000091642141        4.4959043698744636E-002  -3.5523329781708690E-004
  -4.5800000093877316        4.5153685818876362E-002  -3.4967215090451337E-004
  -4.5700000096112490        4.5350175997205582E-002  -3.4342991307786258E-004
  -4.5600000098347664        4.5548523013929990E-002  -3.3650726488722305E-004
  -4.5500000100582838        4.5748735649247294E-002  -3.2890498120984046E-004
  -4.5400000102818012        4.5950822683355208E-002  -3.2062393235835623E-004
  -4.5300000105053186        4.6154792896451427E-002  -3.1166508520392988E-004
  -4.5200000107288361        4.6360655068733631E-002  -3.0202950431437031E-004
  -4.5100000109523535        4.6568417980399568E-002  -2.9171835310760896E-004
  -4.5000000111758709        4.6778090411646905E-002  -2.8073289502086179E-004
  -4.4900000113993883        4.6989681142673358E-002  -2.6907449469538297E-004
  -4.4800000116229057        4.7203198953676612E-002  -2.5674461917738617E-004
  -4.4700000118464231        4.7418652624854403E-002  -2.4374483913510575E-004
  -4.4600000120699406        4.7636050936404412E-002  -2.3007683009252516E-004
  -4.4500000122934580        4.7855402668524338E-002  -2.1574237367975174E-004
  -4.4400000125169754        4.8076716601411891E-002  -2.0074335890039180E-004
  -4.4300000127404928        4.8300001515264770E-002  -1.8508178341627296E-004
  -4.4200000129640102        4.8525266190280691E-002  -1.6875975484963862E-004
  -4.4100000131875277        4.8752519406657334E-002  -1.5177949210321701E-004
  -4.4000000134110451        4.8981769944592413E-002  -1.3414332669823420E-004
  -4.3900000136345625        4.9213026584283635E-002  -1.1585370413087076E-004
  -4.3800000138580799        4.9446298105928703E-002  -9.6913185247335387E-005
  -4.3700000140815973        4.9681593289725302E-002  -7.7324447637805438E-005
  -4.3600000143051147        4.9918920915871155E-002  -5.7090287049560429E-005
  -4.3500000145286322        5.0158289764563949E-002  -3.6213618819662396E-005
  -4.3400000147521496        5.0399708616001404E-002  -1.4697479327349661E-005
  -4.3300000149756670        5.0624747094473295E-002  -1.0984183374522505E-005
  -4.3200000151991844        5.0814985316703837E-002  -4.3505677336283521E-005
  -4.3100000154227018        5.1007329049268912E-002  -7.5368383257369553E-005
  -4.3000000156462193        5.1201808947377483E-002  -1.0655396160536013E-004
  -4.2900000158697367        5.1398455666238504E-002  -1.3704420145985163E-004
  -4.2800000160932541        5.1597299861060923E-002  -1.6682102209011201E-004
  -4.2700000163167715        5.1798372187053729E-002  -1.9586647455480805E-004
  -4.2600000165402889        5.2001703299425862E-002  -2.2416274332417302E-004
  -4.2500000167638063        5.2207323853386278E-002  -2.5169214792473971E-004
  -4.2400000169873238        5.2415264504143945E-002  -2.7843714460722840E-004
  -4.2300000172108412        5.2625555906907817E-002  -3.0438032803781906E-004
  -4.2200000174343586        5.2838228716886870E-002  -3.2950443301324461E-004
  -4.2100000176578760        5.3053313589290031E-002  -3.5379233620000394E-004
  -4.2000000178813934        5.3270841179326289E-002  -3.7722705789803440E-004
  -4.1900000181049109        5.3490842142204599E-002  -3.9979176382946152E-004
  -4.1800000183284283        5.3713347133133915E-002  -4.2146976695253691E-004
  -4.1700000185519457        5.3938386807323185E-002  -4.4224452930125696E-004
  -4.1600000187754631        5.4165991819981385E-002  -4.6209966385114126E-004
  -4.1500000189989805        5.4396192826317469E-002  -4.8101893641146892E-004
  -4.1400000192224979        5.4629020481540391E-002  -4.9898626754450726E-004
  -4.1300000194460154        5.4864505440859121E-002  -5.1598573451201724E-004
  -4.1200000196695328        5.5102678359482613E-002  -5.3200157324953534E-004
  -4.1100000198930502        5.5343569892619834E-002  -5.4701818036893141E-004
  -4.1000000201165676        5.5587210695479741E-002  -5.6102011518957551E-004
  -4.0900000203400850        5.5833631423271274E-002  -5.7399210179867599E-004
  -4.0800000205636024        5.6082862731203414E-002  -5.8591903114104532E-004
  -4.0700000207871199        5.6334935274485118E-002  -5.9678596313908483E-004
  -4.0600000210106373        5.6589879708325339E-002  -6.0657812884318263E-004
  -4.0500000212341547        5.6847726687933031E-002  -6.1528093261315614E-004
  -4.0400000214576721        5.7108506868517171E-002  -6.2287995433107229E-004
  -4.0300000216811895        5.7372250905286713E-002  -6.2936095164627115E-004
  -4.0200000219047070        5.7638989453450612E-002  -6.3470986225268311E-004
  -4.0100000221282244        5.7908753168217808E-002  -6.3891280619930713E-004
  -4.0000000223517418        5.8181572704797312E-002  -6.4195608823406497E-004
  -3.9900000225752592        5.8457478718398029E-002  -6.4382620018201692E-004
  -3.9800000227987766        5.8736501864228956E-002  -6.4450982335786944E-004
  -3.9700000230222940        5.9018672797499033E-002  -6.4399383101390595E-004
  -3.9600000232458115        5.9304022173417223E-002  -6.4226529082356959E-004
  -3.9500000234693289        5.9592580647192486E-002  -6.3931146740130868E-004
  -3.9400000236928463        5.9884378874033792E-002  -6.3511982485942031E-004
  -3.9300000239163637        6.0179447509150080E-002  -6.2967802940237794E-004
  -3.9200000241398811        6.0477817207750334E-002  -6.2297395195905908E-004
  -3.9100000243633986        6.0779518625043480E-002  -6.1499567085401136E-004
  -3.9000000245869160        6.1084582416238514E-002  -6.0573147451771503E-004
  -3.8900000248104334        6.1393039236544378E-002  -5.9516986423699403E-004
  -3.8800000250339508        6.1704919741170032E-002  -5.8329955694606805E-004
  -3.8700000252574682        6.2020254585324432E-002  -5.7010948805865519E-004
  -3.8600000254809856        6.2339074424216545E-002  -5.5558881434221441E-004
  -3.8500000257045031        6.2661409913055327E-002  -5.3972691683473739E-004
  -3.8400000259280205        6.2987291707049725E-002  -5.2251340380476963E-004
  -3.8300000261515379        6.3316750461408736E-002  -5.0393811375543107E-004
  -3.8200000263750553        6.3649816831341285E-002  -4.8399111847335918E-004
  -3.8100000265985727        6.3986521472056343E-002  -4.6266272612276171E-004
  -3.8000000268220901        6.4326895038762863E-002  -4.3994348438590458E-004
  -3.7900000270456076        6.4670968186669814E-002  -4.1582418365036788E-004
  -3.7800000272691250        6.5018771570986150E-002  -3.9029586024411089E-004
  -3.7700000274926424        6.5370335846920813E-002  -3.6334979971901216E-004
  -3.7600000277161598        6.5725691669682812E-002  -3.3497754018338433E-004
  -3.7500000279396772        6.6084869694481060E-002  -3.0517087568510126E-004
  -3.7400000281631947        6.6447900576524527E-002  -2.7392185964500437E-004
  -3.7300000283867121        6.6814814971022179E-002  -2.4122280834244780E-004
  -3.7200000286102295        6.7185643533182987E-002  -2.0706630445317675E-004
  -3.7100000288337469        6.7560416918215876E-002  -1.7144520064078794E-004
  -3.7000000290572643        6.7939165781329844E-002  -1.3435262320224406E-004
  -3.6900000292807817        6.8321920777733844E-002  -9.5781975768816086E-005
  -3.6800000295042992        6.8708712562636803E-002  -5.5726943063008627E-005
  -3.6700000297278166        6.9099571791247705E-002  -1.4181494712439680E-005
  -3.6600000299513340        6.9427838507916909E-002  -3.7830499980309740E-005
  -3.6500000301748514        6.9726892539395416E-002  -9.3319338436939625E-005
  -3.6400000303983688        7.0030123205022971E-002  -1.4728419376232316E-004
  -3.6300000306218863        7.0337571495014184E-002  -1.9970987951140051E-004
  -3.6200000308454037        7.0649278399583543E-002  -2.5058151410239926E-004
  -3.6100000310689211        7.0965284908945631E-002  -2.9988452499279949E-004
  -3.6000000312924385        7.1285632013314990E-002  -3.4760465291951148E-004
  -3.5900000315159559        7.1610360702906148E-002  -3.9372795620389034E-004
  -3.5800000317394733        7.1939511967933703E-002  -4.3824081512269797E-004
  -3.5700000319629908        7.2273126798612183E-002  -4.8112993634641388E-004
  -3.5600000321865082        7.2611246185156131E-002  -5.2238235744546391E-004
  -3.5500000324100256        7.2953911117780115E-002  -5.6198545146599055E-004
  -3.5400000326335430        7.3301162586698665E-002  -5.9992693157610855E-004
  -3.5300000328570604        7.3653041582126363E-002  -6.3619485578364499E-004
  -3.5200000330805779        7.4009589094277725E-002  -6.7077763172697369E-004
  -3.5100000333040953        7.4370846113367320E-002  -7.0366402153959617E-004
  -3.5000000335276127        7.4736853629609717E-002  -7.3484314679021778E-004
  -3.4900000337511301        7.5107652633219418E-002  -7.6430449349927654E-004
  -3.4800000339746475        7.5483284114411034E-002  -7.9203791723306272E-004
  -3.4700000341981649        7.5863789063399079E-002  -8.1803364827719161E-004
  -3.4600000344216824        7.6249208470398094E-002  -8.4228229689027601E-004
  -3.4500000346451998        7.6639583325622665E-002  -8.6477485863910297E-004
  -3.4400000348687172        7.7034954619287332E-002  -8.8550271981732709E-004
  -3.4300000350922346        7.7435363341606625E-002  -9.0445766294812435E-004
  -3.4200000353157520        7.7840850482795099E-002  -9.2163187237288835E-004
  -3.4100000355392694        7.8251457033067351E-002  -9.3701793992700955E-004
  -3.4000000357627869        7.8667223982637882E-002  -9.5060887070462508E-004
  -3.3900000359863043        7.9088192321721262E-002  -9.6239808891306067E-004
  -3.3800000362098217        7.9514403040532033E-002  -9.7237944381928232E-004
  -3.3700000364333391        7.9945897129284765E-002  -9.8054721578924586E-004
  -3.3600000366568565        8.0382715578193972E-002  -9.8689612242214286E-004
  -3.3500000368803740        8.0824899377474252E-002  -9.9142132478054201E-004
  -3.3400000371038914        8.1272489517340119E-002  -9.9411843371885467E-004
  -3.3300000373274088        8.1725526988006142E-002  -9.9498351631072124E-004
  -3.3200000375509262        8.2184052779686878E-002  -9.9401310237783036E-004
  -3.3100000377744436        8.2648107882596855E-002  -9.9120419112144753E-004
  -3.3000000379979610        8.3117733286950643E-002  -9.8655425785813822E-004
  -3.2900000382214785        8.3592969982962784E-002  -9.8006126086198908E-004
  -3.2800000384449959        8.4073858960847847E-002  -9.7172364831446534E-004
  -3.2700000386685133        8.4560441210820361E-002  -9.6154036536419407E-004
  -3.2600000388920307        8.5052757723094882E-002  -9.4951086129786699E-004
  -3.2500000391155481        8.5550849487885980E-002  -9.3563509682487167E-004
  -3.2400000393390656        8.6054757495408182E-002  -9.1991355147683085E-004
  -3.2300000395625830        8.6564522735876059E-002  -9.0234723112418702E-004
  -3.2200000397861004        8.7080186199504125E-002  -8.8293767561194170E-004
  -3.2100000400096178        8.7601788876506978E-002  -8.6168696651607590E-004
  -3.2000000402331352        8.8129371757099145E-002  -8.3859773502306667E-004
  -3.1900000404566526        8.8662975831495169E-002  -8.1367316993412320E-004
  -3.1800000406801701        8.9202642089909634E-002  -7.8691702579641865E-004
  -3.1700000409036875        8.9748411522557067E-002  -7.5833363116337149E-004
  -3.1600000411272049        9.0300325119652011E-002  -7.2792789698596094E-004
  -3.1500000413507223        9.0858423871409036E-002  -6.9570532513706096E-004
  -3.1400000415742397        9.1422748768042683E-002  -6.6167201707149903E-004
  -3.1300000417977571        9.1993340799767495E-002  -6.2583468262336628E-004
  -3.1200000420212746        9.2570240956798042E-002  -5.8820064894316015E-004
  -3.1100000422447920        9.3153490229348879E-002  -5.4877786957706343E-004
  -3.1000000424683094        9.3743129607634521E-002  -5.0757493369042728E-004
  -3.0900000426918268        9.4339200081869565E-002  -4.6460107543767892E-004
  -3.0800000429153442        9.4941742642268526E-002  -4.1986618348159588E-004
  -3.0700000431388617        9.5550798279045973E-002  -3.7338081066348727E-004
  -3.0600000433623791        9.6166407982416477E-002  -3.2515618382736311E-004
  -3.0500000435858965        9.6788612742594538E-002  -2.7520421380028415E-004
  -3.0400000438094139        9.7417453549794739E-002  -2.2353750553105733E-004
  -3.0300000440329313        9.8052971394231636E-002  -1.7016936839051033E-004
  -3.0200000442564487        9.8695207266119758E-002  -1.1511382663513536E-004
  -3.0100000444799662        9.9344202155673689E-002  -5.8385630037086078E-005
  -3.0000000447034836        9.9999997053107956E-002  -2.6468308100824345E-010
  -2.9900000449270010       0.10053306434580439       -6.9542566777450188E-005
  -2.9800000451505184       0.10107306645231501       -1.3740809978365909E-004
  -2.9700000453740358       0.10162009834711626       -2.0356064099141813E-004
  -2.9600000455975533       0.10217425442542528       -2.6796532820132224E-004
  -2.9500000458210707       0.10273562908245933       -3.3058809214861484E-004
  -2.9400000460445881       0.10330431671343561       -3.9139566837168016E-004
  -2.9300000462681055       0.10388041171357136       -4.5035560926812157E-004
  -2.9200000464916229       0.10446400847808379       -5.0743629634199261E-004
  -2.9100000467151403       0.10505520140219010       -5.6260695264419291E-004
  -2.9000000469386578       0.10565408488110754       -6.1583765540980384E-004
  -2.8900000471621752       0.10626075331005329       -6.6709934889477851E-004
  -2.8800000473856926       0.10687530108424459       -7.1636385741485897E-004
  -2.8700000476092100       0.10749782259889863       -7.6360389859039812E-004
  -2.8600000478327274       0.10812841224923267       -8.0879309679893208E-004
  -2.8500000480562449       0.10876716443046390       -8.5190599683986068E-004
  -2.8400000482797623       0.10941417353780956       -8.9291807781331778E-004
  -2.8300000485032797       0.11006953396648683       -9.3180576721665909E-004
  -2.8200000487267971       0.11073334011171296       -9.6854645526170402E-004
  -2.8100000489503145       0.11140568636870515       -1.0031185094157152E-003
  -2.8000000491738319       0.11208666713268065       -1.0355012891696685E-003
  -2.7900000493973494       0.11277637679885663       -1.0656751610361587E-003
  -2.7800000496208668       0.11347490976245030       -1.0936215137808958E-003
  -2.7700000498443842       0.11418236041867894       -1.1193227738905964E-003
  -2.7600000500679016       0.11489882316275972       -1.1427624212808213E-003
  -2.7500000502914190       0.11562439238990987       -1.1639250052461469E-003
  -2.7400000505149364       0.11635916249534663       -1.1827961606570708E-003
  -2.7300000507384539       0.11710322787428717       -1.1993626244057309E-003
  -2.7200000509619713       0.11785668292194876       -1.2136122521046178E-003
  -2.7100000511854887       0.11861962203354856       -1.2255340350406790E-003
  -2.7000000514090061       0.11939213960430384       -1.2351181173887449E-003
  -2.6900000516325235       0.12017433002943179       -1.2423558136870766E-003
  -2.6800000518560410       0.12096628770414962       -1.2472396265782587E-003
  -2.6700000520795584       0.12176810702367458       -1.2497632648188761E-003
  -2.6600000523030758       0.12257988238322387       -1.2499216615609043E-003
  -2.6500000525265932       0.12340170817801467       -1.2477109929083796E-003
  -2.6400000527501106       0.12423367880326425       -1.2431286967515554E-003
  -2.6300000529736280       0.12507588865418981       -1.2361734918830969E-003
  -2.6200000531971455       0.12592843212600857       -1.2268453973980631E-003
  -2.6100000534206629       0.12679140361393776       -1.2151457523815745E-003
  -2.6000000536441803       0.12766489751319454       -1.2010772358866106E-003
  -2.5900000538676977       0.12854900821899620       -1.1846438872053500E-003
  -2.5800000540912151       0.12944383012655994       -1.1658511264367732E-003
  -2.5700000543147326       0.13034945763110292       -1.1447057753531942E-003
  -2.5600000545382500       0.13126598512784243       -1.1212160785688541E-003
  -2.5500000547617674       0.13219350701199567       -1.0953917250130230E-003
  -2.5400000549852848       0.13313211767877983       -1.0672438697103825E-003
  -2.5300000552088022       0.13408191152341215       -1.0367851558711894E-003
  -2.5200000554323196       0.13504298294110983       -1.0040297372935214E-003
  -2.5100000556558371       0.13601542632709010       -9.6899330108035642E-004
  -2.5000000558793545       0.13699933607657017       -9.3169309067331341E-004
  -2.4900000561028719       0.13799480658476729       -8.9214792920525032E-004
  -2.4800000563263893       0.13900193224689864       -8.5037824317410471E-004
  -2.4700000565499067       0.14002080745818143       -8.0640608643917089E-004
  -2.4600000567734241       0.14105152661383291       -7.6025516454200637E-004
  -2.4500000569969416       0.14209418410907027       -7.1195085935332747E-004
  -2.4400000572204590       0.14314887433911075       -6.6152025404722647E-004
  -2.4300000574439764       0.14421569169917159       -6.0899215840401477E-004
  -2.4200000576674938       0.14529473058446990       -5.5439713444260796E-004
  -2.4100000578910112       0.14638608539022305       -4.9776752238273048E-004
  -2.4000000581145287       0.14748985051164815       -4.3913746693868827E-004
  -2.3900000583380461       0.14860612034396242       -3.7854294394346066E-004
  -2.3800000585615635       0.14973498928238313       -3.1602178730411046E-004
  -2.3700000587850809       0.15087655172212747       -2.5161371628831808E-004
  -2.3600000590085983       0.15203090205841266       -1.8536036314073523E-004
  -2.3500000592321157       0.15319813468645593       -1.1730530102882497E-004
  -2.3400000594556332       0.15437834400147446       -4.7494072317161296E-005
  -2.3300000596791506       0.15553055529797027       -1.7043317882992071E-005
  -2.3200000599026680       0.15661382024324769       -6.7045332524245937E-005
  -2.3100000601261854       0.15771045851209983       -1.1532645952042064E-004
  -2.3000000603497028       0.15882064958884237       -1.6185531816614862E-004
  -2.2900000605732203       0.15994457295779094       -2.0660264317695631E-004
  -2.2800000607967377       0.16108240810326110       -2.4954131488535980E-004
  -2.2700000610202551       0.16223433450956856       -2.9064638974488077E-004
  -2.2600000612437725       0.16340053166102889       -3.2989513113815261E-004
  -2.2500000614672899       0.16458117904195776       -3.6726704048289927E-004
  -2.2400000616908073       0.16577645613667075       -4.0274388863059674E-004
  -2.2300000619143248       0.16698654242948346       -4.3630974755054508E-004
  -2.2200000621378422       0.16821161740471163       -4.6795102229271746E-004
  -2.2100000623613596       0.16945186054667083       -4.9765648322136480E-004
  -2.2000000625848770       0.17070745133967666       -5.2541729851032781E-004
  -2.1900000628083944       0.17197856926804475       -5.5122706689078593E-004
  -2.1800000630319118       0.17326539381609077       -5.7508185064139572E-004
  -2.1700000632554293       0.17456810446813029       -5.9698020880930014E-004
  -2.1600000634789467       0.17588688070847897       -6.1692323064996279E-004
  -2.1500000637024641       0.17722190202145249       -6.3491456927300405E-004
  -2.1400000639259815       0.17857334789136636       -6.5096047547980040E-004
  -2.1300000641494989       0.17994139780253632       -6.6506983177708201E-004
  -2.1200000643730164       0.18132623123927791       -6.7725418655179004E-004
  -2.1100000645965338       0.18272802768590679       -6.8752778838765405E-004
  -2.1000000648200512       0.18414696662673863       -6.9590762050647514E-004
  -2.0900000650435686       0.18558322754608900       -7.0241343531313172E-004
  -2.0800000652670860       0.18703698992827356       -7.0706778902285272E-004
  -2.0700000654906034       0.18850843325760791       -7.0989607634838747E-004
  -2.0600000657141209       0.18999773701840766       -7.1092656522195319E-004
  -2.0500000659376383       0.19150508069498851       -7.1019043152623085E-004
  -2.0400000661611557       0.19303064377166601       -7.0772179380712563E-004
  -2.0300000663846731       0.19457460573275584       -7.0355774793745551E-004
  -2.0200000666081905       0.19613714606257360       -6.9773840170178625E-004
  -2.0100000668317080       0.19771844424543494       -6.9030690926760729E-004
  -2.0000000670552254       0.19931867976565545       -6.8130950550887581E-004
  -1.9900000672787428       0.20093803210755085       -6.7079554014273790E-004
  -1.9800000675022602       0.20257668075543661       -6.5881751164156843E-004
  -1.9700000677257776       0.20423480519362847       -6.4543110087589284E-004
  -1.9600000679492950       0.20591258490644204       -6.3069520444600236E-004
  -1.9500000681728125       0.20761019937819294       -6.1467196765319088E-004
  -1.9400000683963299       0.20932782809319680       -5.9742681706123624E-004
  -1.9300000686198473       0.21106565053576923       -5.7902849259547362E-004
  -1.9200000688433647       0.21282384619022587       -5.5954907912381113E-004
  -1.9100000690668821       0.21460259454088237       -5.3906403746017961E-004
  -1.9000000692903996       0.21640207507205431       -5.1765223472910460E-004
  -1.8900000695139170       0.21822246726805736       -4.9539597402467606E-004
  -1.8800000697374344       0.22006395061320710       -4.7238102329613674E-004
  -1.8700000699609518       0.22192670459181921       -4.4869664338609283E-004
  -1.8600000701844692       0.22381090868820930       -4.2443561514510231E-004
  -1.8500000704079866       0.22571674238669298       -3.9969426554162246E-004
  -1.8400000706315041       0.22764438517158586       -3.7457249268221804E-004
  -1.8300000708550215       0.22959401652720360       -3.4917378965221291E-004
  -1.8200000710785389       0.23156581593786188       -3.2360526708288817E-004
  -1.8100000713020563       0.23355996288787620       -2.9797767434650013E-004
  -1.8000000715255737       0.23557663686156233       -2.7240541927300854E-004
  -1.7900000717490911       0.23761601734323573       -2.4700658628235006E-004
  -1.7800000719726086       0.23967828381721218       -2.2190295281379613E-004
  -1.7700000721961260       0.24176361576780725       -1.9722000393432304E-004
  -1.7600000724196434       0.24387219267933655       -1.7308694499787447E-004
  -1.7500000726431608       0.24600419403611568       -1.4963671222292807E-004
  -1.7400000728666782       0.24815979932246035       -1.2700598104889438E-004
  -1.7300000730901957       0.25033918802268618       -1.0533517212535370E-004
  -1.7200000733137131       0.25254253962110867       -8.4768454780725921E-005
  -1.7100000735372305       0.25477003360204359       -6.5453747808474905E-005
  -1.7000000737607479       0.25702184944980655       -4.7542717405368862E-005
  -1.6900000739842653       0.25929816664871308       -3.1190772082967388E-005
  -1.6800000742077827       0.26159916468307892       -1.6557054368371293E-005
  -1.6700000744313002       0.26392502303721971       -3.8044291026384514E-006
  -1.6600000746548176       0.26623701618480922       -3.2004478775327083E-005
  -1.6500000748783350       0.26855501161546946       -8.1639457810200877E-005
  -1.6400000751018524       0.27089901665748639       -1.3305544668845704E-004
  -1.6300000753253698       0.27326957730349050       -1.8606349883892870E-004
  -1.6200000755488873       0.27566723954611200       -2.4047827304435332E-004
  -1.6100000757724047       0.27809254937798111       -2.9611799674195138E-004
  -1.6000000759959221       0.28054605279172840       -3.5280442430019043E-004
  -1.5900000762194395       0.28302829577998401       -4.1036278999839748E-004
  -1.5800000764429569       0.28553982433537839       -4.6862175542106144E-004
  -1.5700000766664743       0.28808118445054176       -5.2741335097139519E-004
  -1.5600000768899918       0.29065292211810451       -5.8657291118924260E-004
  -1.5500000771135092       0.29325558333069690       -6.4593900355358613E-004
  -1.5400000773370266       0.29588971408094938       -7.0535335042859471E-004
  -1.5300000775605440       0.29855586036149223       -7.6466074380371341E-004
  -1.5200000777840614       0.30125456816495572       -8.2370895246131060E-004
  -1.5100000780075788       0.30398638348397022       -8.8234862119174196E-004
  -1.5000000782310963       0.30675185231116597       -9.4043316165975943E-004
  -1.4900000784546137       0.30955152063917352       -9.9781863451153807E-004
  -1.4800000786781311       0.31238593446062296       -1.0543636222956065E-003
  -1.4700000789016485       0.31525563976814475       -1.1099290927522043E-003
  -1.4600000791251659       0.31816118255436920       -1.1643782520138202E-003
  -1.4500000793486834       0.32110310881192661       -1.2175763872367407E-003
  -1.4400000795722008       0.32408196453344729       -1.2693906981699477E-003
  -1.4300000797957182       0.32709829571156157       -1.3196901171486086E-003
  -1.4200000800192356       0.33015264833889990       -1.3683451169804184E-003
  -1.4100000802427530       0.33324556840809244       -1.4152275061760644E-003
  -1.4000000804662704       0.33637760191176957       -1.4602102109538828E-003
  -1.3900000806897879       0.33954929484256169       -1.5031670434327848E-003
  -1.3800000809133053       0.34276119319309906       -1.5439724554064949E-003
  -1.3700000811368227       0.34601384295601201       -1.5825012770698810E-003
  -1.3600000813603401       0.34930779012393087       -1.6186284400561135E-003
  -1.3500000815838575       0.35264358068948604       -1.6522286841142431E-003
  -1.3400000818073750       0.35602176064530772       -1.6831762467442446E-003
  -1.3300000820308924       0.35944287598402630       -1.7113445350829815E-003
  -1.3200000822544098       0.36290747269827217       -1.7366057793157808E-003
  -1.3100000824779272       0.36641609678067555       -1.7588306668701037E-003
  -1.3000000827014446       0.36996929422386682       -1.7778879566246464E-003
  -1.2900000829249620       0.37356761102047631       -1.7936440723533287E-003
  -1.2800000831484795       0.37721159316313435       -1.8059626746005364E-003
  -1.2700000833719969       0.38090178664447122       -1.8147042101686606E-003
  -1.2600000835955143       0.38463873745711730       -1.8197254383798822E-003
  -1.2500000838190317       0.38842299159370297       -1.8208789332584963E-003
  -1.2400000840425491       0.39225509504685840       -1.8180125607646369E-003
  -1.2300000842660666       0.39613559380921404       -1.8109689301921694E-003
  -1.2200000844895840       0.40006503387340020       -1.7995848188371855E-003
  -1.2100000847131014       0.40404396123204722       -1.7836905690213345E-003
  -1.2000000849366188       0.40807292187778532       -1.7631094565543348E-003
  -1.1900000851601362       0.41215246180324500       -1.7376570297016336E-003
  -1.1800000853836536       0.41628312700105646       -1.7071404177244620E-003
  -1.1700000856071711       0.42046546346385005       -1.6713576080480963E-003
  -1.1600000858306885       0.42470001718425610       -1.6300966911174664E-003
  -1.1500000860542059       0.42898733415490503       -1.5831350719958670E-003
  -1.1400000862777233       0.43332796036842697       -1.5302386477692442E-003
  -1.1300000865012407       0.43772244181745246       -1.4711609498222478E-003
  -1.1200000867247581       0.44217132449461172       -1.4056422500658416E-003
  -1.1100000869482756       0.44667515439253508       -1.3334086302088655E-003
  -1.1000000871717930       0.45123447750385282       -1.2541710131850348E-003
  -1.0900000873953104       0.45584983982119537       -1.1676241558702394E-003
  -1.0800000876188278       0.46052178733719307       -1.0734456022551964E-003
  -1.0700000878423452       0.46525086604447613       -9.7129459626871251E-004
  -1.0600000880658627       0.47003762193567489       -8.6081095349144210E-004
  -1.0500000882893801       0.47488260100341989       -7.4161389104160369E-004
  -1.0400000885128975       0.47978634924034114       -6.1330081497262823E-004
  -1.0300000887364149       0.48474941263906912       -4.7544606457516903E-004
  -1.0200000889599323       0.48977233719223434       -3.2759961305456331E-004
  -1.0100000891834497       0.49485566889246679       -1.6928572412100440E-004
  -1.0000000894069672       0.49999995373239692       -1.5641214989869923E-009
 -0.99000008963048458       0.50403778033758462       -9.8717313650553695E-004
 -0.98000008985400200       0.50813701861813154       -1.9629151526988631E-003
 -0.97000009007751942       0.51229760199453422       -2.9272472837663654E-003
 -0.96000009030103683       0.51651945344577155       -3.8801665449420542E-003
 -0.95000009052455425       0.52080249595082218       -4.8216352420316078E-003
 -0.94000009074807167       0.52514665248866510       -5.7515793149943706E-003
 -0.93000009097158909       0.52955184603827898       -6.6698866377044030E-003
 -0.92000009119510651       0.53401799957864271       -7.5764052745841415E-003
 -0.91000009141862392       0.53854503608873494       -8.4709416949968475E-003
 -0.90000009164214134       0.54313287854753467       -9.3532589464833116E-003
 -0.89000009186565876       0.54778144993402034       -1.0223074788153874E-002
 -0.88000009208917618       0.55249067322717127       -1.1080059785773755E-002
 -0.87000009231269360       0.55726047140596591       -1.1923835370336477E-002
 -0.86000009253621101       0.56209076744938302       -1.2753971862179414E-002
 -0.85000009275972843       0.56698148433640161       -1.3569986462983241E-002
 -0.84000009298324585       0.57193254504600033       -1.4371341218292866E-002
 -0.83000009320676327       0.57694387255715807       -1.5157440953510903E-002
 -0.82000009343028069       0.58201538984885348       -1.5927631186652635E-002
 -0.81000009365379810       0.58714701990006546       -1.6681196021490763E-002
 -0.80000009387731552       0.59233868568977288       -1.7417356025091868E-002
 -0.79000009410083294       0.59759031019695441       -1.8135266094121860E-002
 -0.78000009432435036       0.60290181640058882       -1.8834013314694920E-002
 -0.77000009454786777       0.60827312727965499       -1.9512614820952234E-002
 -0.76000009477138519       0.61370416581313170       -2.0170015657982820E-002
 -0.75000009499490261       0.61919485497999782       -2.0805086655135696E-002
 -0.74000009521842003       0.62474511775923203       -2.1416622316222989E-002
 -0.73000009544193745       0.63035487712981320       -2.2003338733576072E-002
 -0.72000009566545486       0.63602405607071999       -2.2563871533383240E-002
 -0.71000009588897228       0.64175257756093140       -2.3096773860217468E-002
 -0.70000009611248970       0.64754036457942610       -2.3600514409140794E-002
 -0.69000009633600712       0.65338734010518296       -2.4073475514255538E-002
 -0.68000009655952454       0.65929342711718064       -2.4513951303057890E-002
 -0.67000009678304195       0.66525854859439815       -2.4920145926423332E-002
 -0.66000009700655937       0.67128262751581413       -2.5290171874532086E-002
 -0.65000009723007679       0.67736558686040726       -2.5622048389497221E-002
 -0.64000009745359421       0.68350734960715664       -2.5913699985909089E-002
 -0.63000009767711163       0.68970783873504082       -2.6162955090939577E-002
 -0.62000009790062904       0.69596697722303880       -2.6367544816045307E-002
 -0.61000009812414646       0.70228468805012922       -2.6525101872696966E-002
 -0.60000009834766388       0.70866089419529099       -2.6633159644892768E-002
 -0.59000009857118130       0.71509551863750276       -2.6689151431524172E-002
 -0.58000009879469872       0.72158848435574341       -2.6690409871918064E-002
 -0.57000009901821613       0.72813971432899172       -2.6634166568086148E-002
 -0.56000009924173355       0.73474913153622645       -2.6517551917363824E-002
 -0.55000009946525097       0.74141665895642661       -2.6337595169205530E-002
 -0.54000009968876839       0.74814221956857074       -2.6091224719926864E-002
 -0.53000009991228580       0.75492573635163784       -2.5775268659114725E-002
 -0.52000010013580322       0.76176713228460646       -2.5386455581298040E-002
 -0.51000010035932064       0.76866633034645560       -2.4921415676230296E-002
 -0.50000010058283806       0.77562325351616390       -2.4376682110818337E-002
 -0.49000010080635548       0.78263782477271027       -2.3748692715301556E-002
 -0.48000010102987289       0.78970996709507357       -2.3033791985752949E-002
 -0.47000010125339031       0.79683960346223237       -2.2228233414333998E-002
 -0.46000010147690773       0.80402665685316577       -2.1328182157969278E-002
 -0.45000010170042515       0.81127105024685231       -2.0329718055230761E-002
 -0.44000010192394257       0.81857270662227088       -1.9228839000214881E-002
 -0.43000010214745998       0.82593154895840037       -1.8021464681068244E-002
 -0.42000010237097740       0.83334750023421933       -1.6703440689558979E-002
 -0.41000010259449482       0.84082048342870686       -1.5270543006705717E-002
 -0.40000010281801224       0.84835042152084161       -1.3718482867970505E-002
 -0.39000010304152966       0.85593723748960227       -1.2042912009876061E-002
 -0.38000010326504707       0.86358085431396781       -1.0239428298161157E-002
 -0.37000010348856449       0.87128119497291667       -8.3035817357083319E-003
 -0.36000010371208191       0.87903818244542842       -6.2308808464981436E-003
 -0.35000010393559933       0.88685173971048092       -4.0167994297609644E-003
 -0.34000010415911674       0.89472178974705374       -1.6567836763147215E-003
 -0.33000010438263416       0.89969824344155580       -2.0962717294035205E-003
 -0.32000010460615158       0.89882943738304444       -8.2822636970835140E-003
 -0.31000010482966900       0.89801526139113697       -1.4310202256293647E-002
 -0.30000010505318642       0.89725441467467271       -2.0176724933172352E-002
 -0.29000010527670383       0.89654559644249021       -2.5878482218449794E-002
 -0.28000010550022125       0.89588750590342836       -3.1412146558562837E-002
 -0.27000010572373867       0.89527884226632670       -3.6774421587066453E-002
 -0.26000010594725609       0.89471830474002356       -4.1962051569323089E-002
 -0.25000010617077351       0.89420459253335816       -4.6971831031135891E-002
 -0.24000010639429092       0.89373640485516914       -5.1800614539794787E-002
 -0.23000010661780834       0.89331244091429574       -5.6445326603879908E-002
 -0.22000010684132576       0.89293139991957671       -6.0902971656215277E-002
 -0.21000010706484318       0.89259198107985116       -6.5170644082540252E-002
 -0.20000010728836060       0.89229288360395764       -6.9245538256846761E-002
 -0.19000010751187801       0.89203280670073548       -7.3124958542906904E-002
 -0.18000010773539543       0.89181044957902345       -7.6806329220314495E-002
 -0.17000010795891285       0.89162451144766031       -8.0287204292418979E-002
 -0.16000010818243027       0.89147369151548528       -8.3565277132839011E-002
 -0.15000010840594769       0.89135668899133691       -8.6638389926847359E-002
 -0.14000010862946510       0.89127220308405464       -8.9504542863804826E-002
 -0.13000010885298252       0.89121893300247701       -9.2161903037020210E-002
 -0.12000010907649994       0.89119557795544302       -9.4608813007930448E-002
 -0.11000010930001736       0.89120083715179166       -9.6843798992327534E-002
 -0.10000010952353477       0.89123340980036181       -9.8865578627519324E-002
  -9.0000109747052193E-002  0.89129199510999246      -0.10067306828078681     
  -8.0000109970569611E-002  0.89137529228952239      -0.10226538986130329     
  -7.0000110194087029E-002  0.89148200054779059      -0.10364187709977690     
  -6.0000110417604446E-002  0.89161081909363626      -0.10480208126248636     
  -5.0000110641121864E-002  0.89176044713589797      -0.10574577626905668     
  -4.0000110864639282E-002  0.89192958388341470      -0.10647296318625854     
  -3.0000111088156700E-002  0.89211692854502533      -0.10698387407330978     
  -2.0000111311674118E-002  0.89232118032956920      -0.10727897515753682     
  -1.0000111535191536E-002  0.89254103844588450      -0.10735896932284539     
  -1.1175870895385742E-007  0.89277520210281092      -0.10722479789717665     
   9.9998880177736282E-003  0.89302237050918687      -0.10687764172899739     
   1.9999887794256210E-002  0.89328124287385158      -0.10631892154680278     
   2.9999887570738792E-002  0.89355051840564381      -0.10555029759962875     
   3.9999887347221375E-002  0.89382889631340245      -0.10457366858058037     
   4.9999887123703957E-002  0.89411507580596661      -0.10339116983938834     
   5.9999886900186539E-002  0.89440775609217515      -0.10200517089395600     
   6.9999886676669121E-002  0.89470563638086675      -0.10041827225471189     
   7.9999886453151703E-002  0.89500741588088073       -9.8633301579324706E-002
   8.9999886229634285E-002  0.89531179380105574       -9.6653309178915348E-002
   9.9999886006116867E-002  0.89561746935023090       -9.4481562900297522E-002
  0.10999988578259945       0.89592314173724474       -9.2121542411954138E-002
  0.11999988555908203       0.89622751017093671       -8.9576932924405162E-002
  0.12999988533556461       0.89652927386014558       -8.6851618378303574E-002
  0.13999988511204720       0.89682713201371000       -8.3949674135985974E-002
  0.14999988488852978       0.89711978384046909       -8.0875359214322651E-002
  0.15999988466501236       0.89740592854926193       -7.7633108098499326E-002
  0.16999988444149494       0.89768426534892709       -7.4227522177845007E-002
  0.17999988421797752       0.89795349344830389       -7.0663360845979017E-002
  0.18999988399446011       0.89821231205623087       -6.6945532308383182E-002
  0.19999988377094269       0.89845942038154736       -6.3079084141022479E-002
  0.20999988354742527       0.89869351763309202       -5.9069193643834561E-002
  0.21999988332390785       0.89891330301970374       -5.4921158032800177E-002
  0.22999988310039043       0.89911747575022138       -5.0640384513902181E-002
  0.23999988287687302       0.89930473503348440       -4.6232380281600371E-002
  0.24999988265335560       0.89947378007833112       -4.1702742483495148E-002
  0.25999988242983818       0.89962331009360075       -3.7057148191653067E-002
  0.26999988220632076       0.89975202428813217       -3.2301344419654821E-002
  0.27999988198280334       0.89985862187076426       -2.7441138222786599E-002
  0.28999988175928593       0.89994180205033592       -2.2482386916993669E-002
  0.29999988153576851       0.90000026403568634       -1.7430988450240270E-002
  0.30999988131225109       0.90003270703565408       -1.2292871957819251E-002
  0.31999988108873367       0.90003783025907824       -7.0739885309334394E-003
  0.32999988086521626       0.90001433291479793       -1.7803022255745704E-003
  0.33999988064169884       0.89693714898376475        5.5845343576432782E-004
  0.34999988041818142       0.89231716063652766        1.4484973205600715E-003
  0.35999988019466400       0.88766590834348413        2.3967189284985757E-003
  0.36999987997114658       0.88298284672330851        3.3979420475169775E-003
  0.37999987974762917       0.87826743039467559        4.4470180738005460E-003
  0.38999987952411175       0.87351911397626059        5.5388331281313041E-003
  0.39999987930059433       0.86873735208673830        6.6683148100453726E-003
  0.40999987907707691       0.86392159934478341        7.8304385817965505E-003
  0.41999987885355949       0.85907131036907081        9.0202337762931295E-003
  0.42999987863004208       0.85418593977827539        1.0232789225260053E-002
  0.43999987840652466       0.84926494219107207        1.1463258505867824E-002
  0.44999987818300724       0.84430777222613562        1.2706864805929974E-002
  0.45999987795948982       0.83931388450214084        1.3958905409543476E-002
  0.46999987773597240       0.83428273363776273        1.5214755806667091E-002
  0.47999987751245499       0.82921377425167586        1.6469873431655735E-002
  0.48999987728893757       0.82410646096255546        1.7719801037145988E-002
  0.49999987706542015       0.81896024838907600        1.8960169710946828E-002
  0.50999987684190273       0.81377459114991257        2.0186701544724128E-002
  0.51999987661838531       0.80854894386374021        2.1395211964260974E-002
  0.52999987639486790       0.80328276114923325        2.2581611731966600E-002
  0.53999987617135048       0.79797549762506681        2.3741908633063247E-002
  0.54999987594783306       0.79262660790991601        2.4872208857520728E-002
  0.55999987572431564       0.78723554662245532        2.5968718090345733E-002
  0.56999987550079823       0.78180176838135962        2.7027742323257886E-002
  0.57999987527728081       0.77632472780530382        2.8045688401107216E-002
  0.58999987505376339       0.77080387951296325        2.9019064316620824E-002
  0.59999987483024597       0.76523867812301183        2.9944479267202007E-002
  0.60999987460672855       0.75962857825412500        3.0818643487577235E-002
  0.61999987438321114       0.75397303452497755        3.1638367872047213E-002
  0.62999987415969372       0.74827150155424449        3.2400563400034832E-002
  0.63999987393617630       0.74252343396060017        3.3102240378453107E-002
  0.64999987371265888       0.73672828636271981        3.3740507514225304E-002
  0.65999987348914146       0.73088551337927832        3.4312570830014599E-002
  0.66999987326562405       0.72499456962895026        3.4815732435932278E-002
  0.67999987304210663       0.71905490973041064        3.5247389169643650E-002
  0.68999987281858921       0.71306598830233459        3.5605031116915820E-002
  0.69999987259507179       0.70702725996339644        3.5886240024247451E-002
  0.70999987237155437       0.70093817933227132        3.6088687614796888E-002
  0.71999987214803696       0.69479820102763412        3.6210133818368795E-002
  0.72999987192451954       0.68860677966815942        3.6248424925769518E-002
  0.73999987170100212       0.68236336987252244        3.6201491677360198E-002
  0.74999987147748470       0.67606742625939797        3.6067347295161589E-002
  0.75999987125396729       0.66971840344746059        3.5844085467382603E-002
  0.76999987103044987       0.66331575605538529        3.5529878293759642E-002
  0.77999987080693245       0.65685893870184708        3.5122974199613299E-002
  0.78999987058341503       0.65034740600552055        3.4621695826050569E-002
  0.79999987035989761       0.64378061258508068        3.4024437903279137E-002
  0.80999987013638020       0.63715801305920250        3.3329665113527418E-002
  0.81999986991286278       0.63047906204656035        3.2535909949622410E-002
  0.82999986968934536       0.62374321416582967        3.1641770574841299E-002
  0.83999986946582794       0.61694992403568494        3.0645908689213575E-002
  0.84999986924231052       0.61009864627480104        2.9547047407058935E-002
  0.85999986901879311       0.60318883550185309        2.8343969150131931E-002
  0.86999986879527569       0.59621994633551556        2.7035513560374813E-002
  0.87999986857175827       0.58919143339446367        2.5620575435912230E-002
  0.88999986834824085       0.58210275129737199        2.4098102693570378E-002
  0.89999986812472343       0.57495335466291553        2.2467094360876017E-002
  0.90999986790120602       0.56774269810976907        2.0726598600172008E-002
  0.91999986767768860       0.56047023625660741        1.8875710767188525E-002
  0.92999986745417118       0.55313542372210545        1.6913571506129044E-002
  0.93999986723065376       0.54573771512493818        1.4839364883060258E-002
  0.94999986700713634       0.53827656508378019        1.2652316559148780E-002
  0.95999986678361893       0.53075142821730659        1.0351692005052038E-002
  0.96999986656010151       0.52316175914419194        7.9367947575513798E-003
  0.97999986633658409       0.51550701248311148        5.4069647193122350E-003
  0.98999986611306667       0.50778664285273967        2.7615765024641137E-003
  0.99999986588954926       0.50000010487175162        3.7816521802902514E-008
   1.0099998656660318       0.49832989456270910        3.3048293048865141E-003
   1.0199998654425144       0.49659350058468321        6.4934542549850427E-003
   1.0299998652189970       0.49479128717405807        9.5663200615572208E-003
   1.0399998649954796       0.49292370148716008        1.2523944136679621E-002
   1.0499998647719622       0.49099119068031594        1.5366869601955491E-002
   1.0599998645484447       0.48899420190985221        1.8095663945102425E-002
   1.0699998643249273       0.48693318233209543        2.0710917720628996E-002
   1.0799998641014099       0.48480857910337227        2.3213243294137154E-002
   1.0899998638778925       0.48262083938000910        2.5603273629716650E-002
   1.0999998636543751       0.48037041031833266        2.7881661119832035E-002
   1.1099998634308577       0.47805773907466942        3.0049076457033863E-002
   1.1199998632073402       0.47568327280534606        3.2106207546782506E-002
   1.1299998629838228       0.47324745866668894        3.4053758460618255E-002
   1.1399998627603054       0.47075074381502485        3.5892448428879176E-002
   1.1499998625367880       0.46819357540668022        3.7623010872126383E-002
   1.1599998623132706       0.46557640059798178        3.9246192470415331E-002
   1.1699998620897532       0.46289966654525588        4.0762752269521974E-002
   1.1799998618662357       0.46016382040482928        4.2173460823218711E-002
   1.1899998616427183       0.45736930933302833        4.3479099370677399E-002
   1.1999998614192009       0.45451658048617993        4.4680459048067833E-002
   1.2099998611956835       0.45160608102061028        4.5778340133411533E-002
   1.2199998609721661       0.44863825809264624        4.6773551323751106E-002
   1.2299998607486486       0.44561355885861420        4.7666909043687256E-002
   1.2399998605251312       0.44253243047484070        4.8459236784348270E-002
   1.2499998603016138       0.43939532009765259        4.9151364471849868E-002
   1.2599998600780964       0.43620267488337605        4.9744127864319143E-002
   1.2699998598545790       0.43295494198833795        5.0238367976561782E-002
   1.2799998596310616       0.42965256856886469        5.0634930531459621E-002
   1.2899998594075441       0.42629600178128302        5.0934665437204152E-002
   1.2999998591840267       0.42288568878191923        5.1138426289477124E-002
   1.3099998589605093       0.41942207672710013        5.1247069897713493E-002
   1.3199998587369919       0.41590561277315213        5.1261455834586911E-002
   1.3299998585134745       0.41233674407640197        5.1182446007885796E-002
   1.3399998582899570       0.40871591779317606        5.1010904253955269E-002
   1.3499998580664396       0.40504358107980099        5.0747695951907590E-002
   1.3599998578429222       0.40132018109260348        5.0393687657814157E-002
   1.3699998576194048       0.39754616498790996        4.9949746758116920E-002
   1.3799998573958874       0.39372197992204694        4.9416741141514009E-002
   1.3899998571723700       0.38984807305134117        4.8795538888594669E-002
   1.3999998569488525       0.38592489153211901        4.8087007978516172E-002
   1.4099998567253351       0.38195288252070725        4.7292016012040416E-002
   1.4199998565018177       0.37793249317343225        4.6411429950260319E-002
   1.4299998562783003       0.37386417064662075        4.5446115868373771E-002
   1.4399998560547829       0.36974836209659917        4.4396938723875512E-002
   1.4499998558312654       0.36558551467969419        4.3264762138562562E-002
   1.4599998556077480       0.36137607555223239        4.2050448193763579E-002
   1.4699998553842306       0.35712049187054018        4.0754857238225084E-002
   1.4799998551607132       0.35281921079094430        3.9378847708105069E-002
   1.4899998549371958       0.34847267946977123        3.7923275958541114E-002
   1.4999998547136784       0.34408134506334764        3.6388996106282379E-002
   1.5099998544901609       0.33964565472799990        3.4776859882888644E-002
   1.5199998542666435       0.33516605562005480        3.3087716498021225E-002
   1.5299998540431261       0.33064299489583876        3.1322412512362174E-002
   1.5399998538196087       0.32607691971167840        2.9481791719721873E-002
   1.5499998535960913       0.32146827722390031        2.7566695037905042E-002
   1.5599998533725739       0.31681751458883101        2.5577960407925482E-002
   1.5699998531490564       0.31212507896279712        2.3516422701174045E-002
   1.5799998529255390       0.30739141750212517        2.1382913634157841E-002
   1.5899998527020216       0.30261697736314169        1.9178261690447007E-002
   1.5999998524785042       0.29780220570217336        1.6903292049475827E-002
   1.6099998522549868       0.29294754967554665        1.4558826521861967E-002
   1.6199998520314693       0.28805345643958818        1.2145683490918768E-002
   1.6299998518079519       0.28312037315062444        9.6646778600498751E-003
   1.6399998515844345       0.27814874696498210        7.1166210057287960E-003
   1.6499998513609171       0.27313902503898774        4.5023207357753336E-003
   1.6599998511373997       0.26809165452896788        1.8225812526562191E-003
   1.6699998509138823       0.26449410002533580        5.6522055563351659E-004
   1.6799998506903648       0.26383439355017063        2.2186204109143626E-003
   1.6899998504668474       0.26313817287792418        3.8087646491964944E-003
   1.6999998502433300       0.26240572984795779        5.3362874590810461E-003
   1.7099998500198126       0.26163735629963258        6.8018193068553057E-003
   1.7199998497962952       0.26083334407230979        8.2059869247911310E-003
   1.7299998495727777       0.25999398500535059        9.5494133028458106E-003
   1.7399998493492603       0.25911957093811622        1.0832717683573634E-002
   1.7499998491257429       0.25821039370996768        1.2056515560063291E-002
   1.7599998489022255       0.25726674516026637        1.3221418676725105E-002
   1.7699998486787081       0.25628891712837337        1.4328035032759118E-002
   1.7799998484551907       0.25527720145364990        1.5376968888143938E-002
   1.7899998482316732       0.25423188997545720        1.6368820771993670E-002
   1.7999998480081558       0.25315327453315639        1.7304187493135087E-002
   1.8099998477846384       0.25204164696610865        1.8183662152767066E-002
   1.8199998475611210       0.25089729911367514        1.9007834159068482E-002
   1.8299998473376036       0.24972052281521717        1.9777289243628454E-002
   1.8399998471140862       0.24851160991009591        2.0492609479577428E-002
   1.8499998468905687       0.24727085223767248        2.1154373301304596E-002
   1.8599998466670513       0.24599854163730805        2.1763155525652694E-002
   1.8699998464435339       0.24469496994836390        2.2319527374485337E-002
   1.8799998462200165       0.24336042901020113        2.2824056498527145E-002
   1.8899998459964991       0.24199521066218099        2.3277307002384534E-002
   1.8999998457729816       0.24059960674366460        2.3679839470655301E-002
   1.9099998455494642       0.23917390909401326        2.4032210995043379E-002
   1.9199998453259468       0.23771840955258811        2.4334975202396775E-002
   1.9299998451024294       0.23623339995875028        2.4588682283593122E-002
   1.9399998448789120       0.23471917215186103        2.4793879023199183E-002
   1.9499998446553946       0.23317601797128151        2.4951108829834645E-002
   1.9599998444318771       0.23160422925637292        2.5060911767176092E-002
   1.9699998442083597       0.23000409784649650        2.5123824585538024E-002
   1.9799998439848423       0.22837591558101339        2.5140380753971237E-002
   1.9899998437613249       0.22671997429928475        2.5111110492825189E-002
   1.9999998435378075       0.22503656584067180        2.5036540806718854E-002
   2.0099998433142900       0.22332598204453574        2.4917195517871998E-002
   2.0199998430907726       0.22158851475023777        2.4753595299748771E-002
   2.0299998428672552       0.21982445579713900        2.4546257710968966E-002
   2.0399998426437378       0.21803409702460075        2.4295697229445579E-002
   2.0499998424202204       0.21621773027198413        2.4002425286707568E-002
   2.0599998421967030       0.21437564737865031        2.3666950302371537E-002
   2.0699998419731855       0.21250814018396050        2.3289777718726312E-002
   2.0799998417496681       0.21061550052727590        2.2871410035396944E-002
   2.0899998415261507       0.20869802024795775        2.2412346844056991E-002
   2.0999998413026333       0.20675599118536714        2.1913084863159793E-002
   2.1099998410791159       0.20478970517886527        2.1374117972660450E-002
   2.1199998408555984       0.20279945406781341        2.0795937248702989E-002
   2.1299998406320810       0.20078552969157271        2.0179030998247527E-002
   2.1399998404085636       0.19874822388950431        1.9523884793615387E-002
   2.1499998401850462       0.19668782850096944        1.8830981506930161E-002
   2.1599998399615288       0.19460463536532935        1.8100801344434869E-002
   2.1699998397380114       0.19249893632194512        1.7333821880665873E-002
   2.1799998395144939       0.19037102321017801        1.6530518092467389E-002
   2.1899998392909765       0.18822118786938916        1.5691362392828589E-002
   2.1999998390674591       0.18604972213893980        1.4816824664529743E-002
   2.2099998388439417       0.18385691785819111        1.3907372293581632E-002
   2.2199998386204243       0.18164306686650425        1.2963470202447008E-002
   2.2299998383969069       0.17940846100324048        1.1985580883030506E-002
   2.2399998381733894       0.17715339210776093        1.0974164429426309E-002
   2.2499998379498720       0.17487815201942680        9.9296785704138246E-003
   2.2599998377263546       0.17258303257759927        8.8525787016909274E-003
   2.2699998375028372       0.17026832562163954        7.7433179178370004E-003
   2.2799998372793198       0.16793432299090882        6.6023470439969534E-003
   2.2899998370558023       0.16558131652476824        5.4301146672798284E-003
   2.2999998368322849       0.16320959806257909        4.2270671678651395E-003
   2.3099998366087675       0.16081945944370246        2.9936487498103126E-003
   2.3199998363852501       0.15841119250749958        1.7303014715554232E-003
   2.3299998361617327       0.15598508909333164        4.3746527611882025E-004
   2.3399998359382153       0.15494198206628848        5.1611904670931241E-004
   2.3499998357146978       0.15458188744300655        1.2664227621111968E-003
   2.3599998354911804       0.15420455656918095        1.9882697034438734E-003
   2.3699998352676630       0.15381011610657594        2.6819264700976564E-003
   2.3799998350441456       0.15339869271695566        3.3476576922650547E-003
   2.3899998348206282       0.15297041306208431        3.9857260592152111E-003
   2.3999998345971107       0.15252540380372609        4.5963923472396584E-003
   2.4099998343735933       0.15206379160364514        5.1799154472687292E-003
   2.4199998341500759       0.15158570312360564        5.7365523921580064E-003
   2.4299998339265585       0.15109126502537176        6.2665583836437055E-003
   2.4399998337030411       0.15058060397070769        6.7701868189671555E-003
   2.4499998334795237       0.15005384662137761        7.2476893171680157E-003
   2.4599998332560062       0.14951111963914571        7.6993157450468419E-003
   2.4699998330324888       0.14895254968577615        8.1253142427975544E-003
   2.4799998328089714       0.14837826342303312        8.5259312493099482E-003
   2.4899998325854540       0.14778838751268084        8.9014115271442151E-003
   2.4999998323619366       0.14718304861648338        9.2519981871775903E-003
   2.5099998321384192       0.14656237339620498        9.5779327129255076E-003
   2.5199998319149017       0.14592648851360987        9.8794549845379331E-003
   2.5299998316913843       0.14527552063046215        1.0156803302472817E-002
   2.5399998314678669       0.14460959640852603        1.0410214410849106E-002
   2.5499998312443495       0.14392884250956567        1.0639923520480293E-002
   2.5599998310208321       0.14323338559534529        1.0846164331591496E-002
   2.5699998307973146       0.14252335232762903        1.1029169056221838E-002
   2.5799998305737972       0.14179886936818109        1.1189168440314534E-002
   2.5899998303502798       0.14106006337876564        1.1326391785497214E-002
   2.5999998301267624       0.14030706102114682        1.1441066970555164E-002
   2.6099998299032450       0.13953998895708891        1.1533420472599948E-002
   2.6199998296797276       0.13875897384835595        1.1603677387935579E-002
   2.6299998294562101       0.13796414235671225        1.1652061452626816E-002
   2.6399998292326927       0.13715562114392191        1.1678795062769781E-002
   2.6499998290091753       0.13633353687174912        1.1684099294470215E-002
   2.6599998287856579       0.13549801620195812        1.1668193923531064E-002
   2.6699998285621405       0.13464918579631296        1.1631297444852404E-002
   2.6799998283386230       0.13378717231657794        1.1573627091547620E-002
   2.6899998281151056       0.13291210242451718        1.1495398853777650E-002
   2.6999998278915882       0.13202410278189491        1.1396827497307721E-002
   2.7099998276680708       0.13112330005047523        1.1278126581788478E-002
   2.7199998274445534       0.13020982089202238        1.1139508478765964E-002
   2.7299998272210360       0.12928379196830050        1.0981184389422347E-002
   2.7399998269975185       0.12834533994107378        1.0803364362051565E-002
   2.7499998267740011       0.12739459147210641        1.0606257309272699E-002
   2.7599998265504837       0.12643167322316257        1.0390071024984127E-002
   2.7699998263269663       0.12545671185600643        1.0155012201062144E-002
   2.7799998261034489       0.12446983403240217        9.9012864438068754E-003
   2.7899998258799314       0.12347116641411397        9.6290982901388739E-003
   2.7999998256564140       0.12246083566290600        9.3386512235497376E-003
   2.8099998254328966       0.12143896844054244        9.0301476898095728E-003
   2.8199998252093792       0.12040569140878749        8.7037891124350647E-003
   2.8299998249858618       0.11936113122940528        8.3597759079207801E-003
   2.8399998247623444       0.11830541456416005        7.9983075007375587E-003
   2.8499998245388269       0.11723866807481595        7.6195823381002697E-003
   2.8599998243153095       0.11616101842313713        7.2237979045089440E-003
   2.8699998240917921       0.11507259227088781        6.8111507360661960E-003
   2.8799998238682747       0.11397351627983215        6.3818364345735318E-003
   2.8899998236447573       0.11286391711173434        5.9360496814103436E-003
   2.8999998234212399       0.11174392142835855        5.4739842511984799E-003
   2.9099998231977224       0.11061365589146896        4.9958330252548588E-003
   2.9199998229742050       0.10947324716282975        4.5017880048364017E-003
   2.9299998227506876       0.10832282190420507        3.9920403241787555E-003
   2.9399998225271702       0.10716250677735915        3.4667802633332745E-003
   2.9499998223036528       0.10599242844405614        2.9261972608039533E-003
   2.9599998220801353       0.10481271356606020        2.3704799259882670E-003
   2.9699998218566179       0.10362348880513556        1.7998160514241385E-003
   2.9799998216331005       0.10242488082304635        1.2143926248460168E-003
   2.9899998214095831       0.10121701628155676        6.1439584105342504E-004
   2.9999998211860657       0.10000002184243098        1.1113594086675782E-008
   3.0099998209625483        9.9790414680215836E-002   3.8781359904736801E-004
   3.0199998207390308        9.9571881408593133E-002   7.6154713469801794E-004
   3.0299998205155134        9.9344462802804984E-002   1.1213089721060499E-003
   3.0399998202919960        9.9108217813099239E-002   1.4672138015223296E-003
   3.0499998200684786        9.8863205389723818E-002   1.7993755876819229E-003
   3.0599998198449612        9.8609484482926613E-002   2.1179075804339670E-003
   3.0699998196214437        9.8347114042955472E-002   2.4229223252053289E-003
   3.0799998193979263        9.8076153020058301E-002   2.7145316733008518E-003
   3.0899998191744089        9.7796660364483007E-002   2.9928467920422308E-003
   3.0999998189508915        9.7508695026477438E-002   3.2579781747481135E-003
   3.1099998187273741        9.7212315956289500E-002   3.5100356505584629E-003
   3.1199998185038567        9.6907582104167125E-002   3.7491283941047809E-003
   3.1299998182803392        9.6594552420358124E-002   3.9753649350289938E-003
   3.1399998180568218        9.6273285855110441E-002   4.1888531673539287E-003
   3.1499998178333044        9.5943841358671955E-002   4.3897003587064082E-003
   3.1599998176097870        9.5606277881290516E-002   4.5780131593966544E-003
   3.1699998173862696        9.5260654373214057E-002   4.7538976113554315E-003
   3.1799998171627522        9.4907029784690441E-002   4.9174591569313697E-003
   3.1899998169392347        9.4545463065967561E-002   5.0688026475509823E-003
   3.1999998167157173        9.4176013167293293E-002   5.2080323522430000E-003
   3.2099998164921999        9.3798739038915571E-002   5.3352519660298803E-003
   3.2199998162686825        9.3413699631082217E-002   5.4505646181877421E-003
   3.2299998160451651        9.3020953894041164E-002   5.5540728803779027E-003
   3.2399998158216476        9.2620560778040303E-002   5.6458787746510308E-003
   3.2499998155981302        9.2212579233327485E-002   5.7260837813264825E-003
   3.2599998153746128        9.1797068210150629E-002   5.7947888467490688E-003
   3.2699998151510954        9.1374086658757597E-002   5.8520943909244755E-003
   3.2799998149275780        9.0943693529396283E-002   5.8981003150360700E-003
   3.2899998147040606        9.0505947772314604E-002   5.9329060088443714E-003
   3.2999998144805431        9.0060908337760426E-002   5.9566103579715840E-003
   3.3099998142570257        8.9608634175981611E-002   5.9693117510726118E-003
   3.3199998140335083        8.9149184237226092E-002   5.9711080868949107E-003
   3.3299998138099909        8.8682617471741748E-002   5.9620967812282349E-003
   3.3399998135864735        8.8208992829776442E-002   5.9423747737467475E-003
   3.3499998133629560        8.7728369261578079E-002   5.9120385347450621E-003
   3.3599998131394386        8.7240805717394537E-002   5.8711840717695502E-003
   3.3699998129159212        8.6746361147473722E-002   5.8199069361471040E-003
   3.3799998126924038        8.6245094502063510E-002   5.7583022294128150E-003
   3.3899998124688864        8.5737064731411766E-002   5.6864646096380644E-003
   3.3999998122453690        8.5222330785766423E-002   5.6044882976610116E-003
   3.4099998120218515        8.4700951615375331E-002   5.5124670832205902E-003
   3.4199998117983341        8.4172986170486408E-002   5.4104943309960518E-003
   3.4299998115748167        8.3638493401347519E-002   5.2986629865531959E-003
   3.4399998113512993        8.3097532258206541E-002   5.1770655821990752E-003
   3.4499998111277819        8.2550161691311408E-002   5.0457942427465791E-003
   3.4599998109042645        8.1996440650909969E-002   4.9049406911902266E-003
   3.4699998106807470        8.1436428087250101E-002   4.7545962542948350E-003
   3.4799998104572296        8.0870182950579739E-002   4.5948518680984374E-003
   3.4899998102337122        8.0297764191146717E-002   4.4257980833305455E-003
   3.4999998100101948        7.9719230759198956E-002   4.2475250707476320E-003
   3.5099998097866774        7.9134641604984360E-002   4.0601226263868584E-003
   3.5199998095631599        7.8544055678750779E-002   3.8636801767391871E-003
   3.5299998093396425        7.7947531930746120E-002   3.6582867838438754E-003
   3.5399998091161251        7.7345129311218258E-002   3.4440311503048798E-003
   3.5499998088926077        7.6736906770415086E-002   3.2210016242308487E-003
   3.5599998086690903        7.6122923258584496E-002   2.9892862040998280E-003
   3.5699998084455729        7.5503237725974379E-002   2.7489725435500129E-003
   3.5799998082220554        7.4877909122832612E-002   2.5001479560975426E-003
   3.5899998079985380        7.4246996399407100E-002   2.2428994197827429E-003
   3.5999998077750206        7.3610558505945708E-002   1.9773135817458265E-003
   3.6099998075515032        7.2968654392696342E-002   1.7034767627333025E-003
   3.6199998073279858        7.2321343009906863E-002   1.4214749615360650E-003
   3.6299998071044683        7.1668683307825207E-002   1.1313938593605632E-003
   3.6399998068809509        7.1010734236699208E-002   8.3331882413363589E-004
   3.6499998066574335        7.0347554746776786E-002   5.2733491474278582E-004
   3.6599998064339161        6.9679203788305832E-002   2.1352688521221463E-004
   3.6699998062103987        6.9186990630539444E-002   7.3229507821445661E-005
   3.6799998059868813        6.9052295954423484E-002   2.8784866984422897E-004
   3.6899998057633638        6.8912563252339298E-002   4.9485277728200661E-004
   3.6999998055398464        6.8767818917163104E-002   6.9429284785398060E-004
   3.7099998053163290        6.8618089341771021E-002   8.8621961437401753E-004
   3.7199998050928116        6.8463400919039241E-002   1.0706835285648059E-003
   3.7299998048692942        6.8303780041843884E-002   1.2477347648145592E-003
   3.7399998046457767        6.8139253103061126E-002   1.4174232238780698E-003
   3.7499998044222593        6.7969846495567157E-002   1.5797985365222228E-003
   3.7599998041987419        6.7795586612238085E-002   1.7349100671173595E-003
   3.7699998039752245        6.7616499845950112E-002   1.8828069171753364E-003
   3.7799998037517071        6.7432612589579388E-002   2.0235379288348343E-003
   3.7899998035281897        6.7243951236002034E-002   2.1571516882950281E-003
   3.7999998033046722        6.7050542178094266E-002   2.2836965291985062E-003
   3.8099998030811548        6.6852411808732207E-002   2.4032205359638542E-003
   3.8199998028576374        6.6649586520792031E-002   2.5157715470692649E-003
   3.8299998026341200        6.6442092707149902E-002   2.6213971582875056E-003
   3.8399998024106026        6.6229956760681968E-002   2.7201447258732303E-003
   3.8499998021870852        6.6013205074264392E-002   2.8120613697033836E-003
   3.8599998019635677        6.5791864040773335E-002   2.8971939763714621E-003
   3.8699998017400503        6.5565960053084960E-002   2.9755892022362285E-003
   3.8799998015165329        6.5335519504075415E-002   3.0472934764258011E-003
   3.8899998012930155        6.5100568786620863E-002   3.1123530037977451E-003
   3.8999998010694981        6.4861134293597481E-002   3.1708137678558637E-003
   3.9099998008459806        6.4617242417881401E-002   3.2227215336242607E-003
   3.9199998006224632        6.4368919552348802E-002   3.2681218504797618E-003
   3.9299998003989458        6.4116192089875845E-002   3.3070600549426413E-003
   3.9399998001754284        6.3859086423338679E-002   3.3395812734272265E-003
   3.9499997999519110        6.3597628945613466E-002   3.3657304249521472E-003
   3.9599997997283936        6.3331846049576368E-002   3.3855522238115179E-003
   3.9699997995048761        6.3061764128103548E-002   3.3990911822072492E-003
   3.9799997992813587        6.2787409574071140E-002   3.4063916128433402E-003
   3.9899997990578413        6.2508808780355363E-002   3.4074976314827712E-003
   3.9999997988343239        6.2225988139832301E-002   3.4024531594671822E-003
   4.0099997986108065        6.1938974045378167E-002   3.3913019262007127E-003
   4.0199997983872890        6.1647792889869109E-002   3.3740874715977240E-003
   4.0299997981637716        6.1352471066181274E-002   3.3508531484954390E-003
   4.0399997979402542        6.1053034967190840E-002   3.3216421250320746E-003
   4.0499997977167368        6.0749510985773948E-002   3.2864973869906958E-003
   4.0599997974932194        6.0441925514806767E-002   3.2454617401097841E-003
   4.0699997972697020        6.0130304947165453E-002   3.1985778123604855E-003
   4.0799997970461845        5.9814675675726174E-002   3.1458880561916341E-003
   4.0899997968226671        5.9495064093365094E-002   3.0874347507425723E-003
   4.0999997965991497        5.9171496592958339E-002   3.0232600040245930E-003
   4.1099997963756323        5.8843999567382108E-002   2.9534057550714490E-003
   4.1199997961521149        5.8512599409512540E-002   2.8779137760591364E-003
   4.1299997959285975        5.8177322512225800E-002   2.7968256743957989E-003
   4.1399997957050800        5.7838195268398042E-002   2.7101828947820178E-003
   4.1499997954815626        5.7495244070905435E-002   2.6180267212420824E-003
   4.1599997952580452        5.7148495312624129E-002   2.5203982791263471E-003
   4.1699997950345278        5.6797975386430298E-002   2.4173385370856934E-003
   4.1799997948110104        5.6443710685200085E-002   2.3088883090179521E-003
   4.1899997945874929        5.6085727601809660E-002   2.1950882559871668E-003
   4.1999997943639755        5.5724052529135176E-002   2.0759788881158092E-003
   4.2099997941404581        5.5358711860052798E-002   1.9516005664505370E-003
   4.2199997939169407        5.4989731987438686E-002   1.8219935048018748E-003
   4.2299997936934233        5.4617139304168991E-002   1.6871977715581243E-003
   4.2399997934699059        5.4240960203119880E-002   1.5472532914740864E-003
   4.2499997932463884        5.3861221077167516E-002   1.4021998474347611E-003
   4.2599997930228710        5.3477948319188055E-002   1.2520770821945609E-003
   4.2699997927993536        5.3091168322057652E-002   1.0969245000924041E-003
   4.2799997925758362        5.2700907478652470E-002   9.3678146874298651E-004
   4.2899997923523188        5.2307192181848663E-002   7.7168722070462825E-004
   4.2999997921288013        5.1910048824522402E-002   6.0168085512411762E-004
   4.3099997919052839        5.1509503799549841E-002   4.2680133935876080E-004
   4.3199997916817665        5.1105583499807136E-002   2.4708751057615080E-004
   4.3299997914582491        5.0698314318170450E-002   6.2578077331842952E-005
   4.3399997912347317        5.0500103329573699E-002   8.5692303183212970E-005
   4.3499997910112143        5.0404827669011457E-002   2.1031938622691204E-004
   4.3599997907876968        5.0306284176986391E-002   3.3026810606006513E-004
   4.3699997905641794        5.0204500369513190E-002   4.4557779527703428E-004
   4.3799997903406620        5.0099503762606509E-002   5.5628766542991509E-004
   4.3899997901171446        4.9991321872281051E-002   6.6243680848105529E-004
   4.3999997898936272        4.9879982214551456E-002   7.6406419823559640E-004
   4.4099997896701097        4.9765512305432427E-002   8.6120869175475290E-004
   4.4199997894465923        4.9647939660938618E-002   9.5390903074960703E-004
   4.4299997892230749        4.9527291797084705E-002   1.0422038429563282E-003
   4.4399997889995575        4.9403596229885369E-002   1.1261316434924909E-003
   4.4499997887760401        4.9276880475355285E-002   1.2057308361952193E-003
   4.4599997885525227        4.9147172049509115E-002   1.2810397149411387E-003
   4.4699997883290052        4.9014498468361548E-002   1.3520964649486669E-003
   4.4799997881054878        4.8878887247927251E-002   1.4189391640626464E-003
   4.4899997878819704        4.8740365904220893E-002   1.4816057840217958E-003
   4.4999997876584530        4.8598961953257164E-002   1.5401341917090985E-003
   4.5099997874349356        4.8454702911050709E-002   1.5945621503853924E-003
   4.5199997872114182        4.8307616293616219E-002   1.6449273209066112E-003
   4.5299997869879007        4.8157729616968382E-002   1.6912672629245812E-003
   4.5399997867643833        4.8005070397121853E-002   1.7336194360718649E-003
   4.5499997865408659        4.7849666150091300E-002   1.7720212011308120E-003
   4.5599997863173485        4.7691544391891424E-002   1.8065098211871439E-003
   4.5699997860938311        4.7530732638536875E-002   1.8371224627680080E-003
   4.5799997858703136        4.7367258406042334E-002   1.8638961969651702E-003
   4.5899997856467962        4.7201149210422462E-002   1.8868680005431765E-003
   4.5999997854232788        4.7032432567691962E-002   1.9060747570329301E-003
   4.6099997851997614        4.6861135993865481E-002   1.9215532578107722E-003
   4.6199997849762440        4.6687287004957709E-002   1.9333402031634153E-003
   4.6299997847527266        4.6510913116983313E-002   1.9414722033387899E-003
   4.6399997845292091        4.6332041845956969E-002   1.9459857795830898E-003
   4.6499997843056917        4.6150700707893344E-002   1.9469173651642246E-003
   4.6599997840821743        4.5966917218807121E-002   1.9443033063818657E-003
   4.6699997838586569        4.5780718894712968E-002   1.9381798635642322E-003
   4.6799997836351395        4.5592133251625561E-002   1.9285832120518945E-003
   4.6899997834116220        4.5401187805559587E-002   1.9155494431687195E-003
   4.6999997831881046        4.5207910072529681E-002   1.8991145651801253E-003
   4.7099997829645872        4.5012327568550572E-002   1.8793145042390810E-003
   4.7199997827410698        4.4814467809636882E-002   1.8561851053194092E-003
   4.7299997825175524        4.4614358311803319E-002   1.8297621331374442E-003
   4.7399997822940350        4.4412026591064538E-002   1.8000812730614227E-003
   4.7499997820705175        4.4207500163435227E-002   1.7671781320092936E-003
   4.7599997818470001        4.4000806544930049E-002   1.7310882393348492E-003
   4.7699997816234827        4.3791973251563678E-002   1.6918470477024633E-003
   4.7799997813999653        4.3581027799350795E-002   1.6494899339505736E-003
   4.7899997811764479        4.3367997704306063E-002   1.6040521999440491E-003
   4.7999997809529305        4.3152910482444184E-002   1.5555690734156830E-003
   4.8099997807294130        4.2935793649779792E-002   1.5040757087967233E-003
   4.8199997805058956        4.2716674722327583E-002   1.4496071880370359E-003
   4.8299997802823782        4.2495581216102231E-002   1.3921985214145893E-003
   4.8399997800588608        4.2272540647118398E-002   1.3318846483346553E-003
   4.8499997798353434        4.2047580531390780E-002   1.2687004381189346E-003
   4.8599997796118259        4.1820728384934024E-002   1.2026806907844342E-003
   4.8699997793883085        4.1592011723762826E-002   1.1338601378127339E-003
   4.8799997791647911        4.1361458063891847E-002   1.0622734429092048E-003
   4.8899997789412737        4.1129094921335763E-002   9.8795520275284793E-004
   4.8999997787177563        4.0894949812109255E-002   9.1093994773652764E-004
   4.9099997784942389        4.0659050252226984E-002   8.3126214269786669E-004
   4.9199997782707214        4.0421423757703627E-002   7.4895618764100197E-004
   4.9299997780472040        4.0182097844553871E-002   6.6405641844918817E-004
   4.9399997778236866        3.9941100028792378E-002   5.7659710758844324E-004
   4.9499997776001692        3.9698457826433831E-002   4.8661246480241616E-004
   4.9599997773766518        3.9454198753492889E-002   3.9413663779849090E-004
   4.9699997771531343        3.9208350325984229E-002   2.9920371292535552E-004
   4.9799997769296169        3.8960940059922546E-002   2.0184771584208505E-004
   4.9899997767060995        3.8711995471322487E-002   1.0210261217882821E-004
   4.9999997764825821        3.8461544076198735E-002   2.3081893826826239E-009
