  -5.0000000000000000        3.8461538461538464E-002
  -4.9900000002235174        3.9829735939896763E-002
  -4.9800000004470348        4.1321044923241242E-002
  -4.9700000006705523        4.2921190911882075E-002
  -4.9600000008940697        4.4616332059900329E-002
  -4.9500000011175871        4.6393059175147792E-002
  -4.9400000013411045        4.8238395719247165E-002
  -4.9300000015646219        5.0139797807591868E-002
  -4.9200000017881393        5.2085154209346222E-002
  -4.9100000020116568        5.4062786347445282E-002
  -4.9000000022351742        5.6061448298594968E-002
  -4.8900000024586916        5.8070326793272037E-002
  -4.8800000026822090        6.0079041215724008E-002
  -4.8700000029057264        6.2077643603969224E-002
  -4.8600000031292439        6.4056618649796879E-002
  -4.8500000033527613        6.6006883698766936E-002
  -4.8400000035762787        6.7919788750210208E-002
  -4.8300000037997961        6.9787116457228293E-002
  -4.8200000040233135        7.1601082126693666E-002
  -4.8100000042468309        7.3354333719249515E-002
  -4.8000000044703484        7.5039951849309935E-002
  -4.7900000046938658        7.6651449785059819E-002
  -4.7800000049173832        7.8182773448454812E-002
  -4.7700000051409006        7.9628301415221384E-002
  -4.7600000053644180        8.0982844914856994E-002
  -4.7500000055879354        8.2241647830629649E-002
  -4.7400000058114529        8.3400386699578333E-002
  -4.7300000060349703        8.4455170712512850E-002
  -4.7200000062584877        8.5402541714013680E-002
  -4.7100000064820051        8.6239474202432317E-002
  -4.7000000067055225        8.6963375329890985E-002
  -4.6900000069290400        8.7572084902282590E-002
  -4.6800000071525574        8.8063875379271073E-002
  -4.6700000073760748        8.8437451874291056E-002
  -4.6600000075995922        8.8691952154547976E-002
  -4.6500000078231096        8.8826946641018201E-002
  -4.6400000080466270        8.8842438408448743E-002
  -4.6300000082701445        8.8738863185357564E-002
  -4.6200000084936619        8.8517089354033351E-002
  -4.6100000087171793        8.8178417950535729E-002
  -4.6000000089406967        8.7724582664694947E-002
  -4.5900000091642141        8.7157749840112250E-002
  -4.5800000093877316        8.6480518474159648E-002
  -4.5700000096112490        8.5695920217979837E-002
  -4.5600000098347664        8.4807419376486559E-002
  -4.5500000100582838        8.3818912908364171E-002
  -4.5400000102818012        8.2734730426067923E-002
  -4.5300000105053186        8.1559634195823960E-002
  -4.5200000107288361        8.0298819137629082E-002
  -4.5100000109523535        7.8957912825250970E-002
  -4.5000000111758709        7.7542975486228169E-002
  -4.4900000113993883        7.6060500001870007E-002
  -4.4800000116229057        7.4517411907256595E-002
  -4.4700000118464231        7.2921069391238894E-002
  -4.4600000120699406        7.1279263296438689E-002
  -4.4500000122934580        6.9600217119248547E-002
  -4.4400000125169754        6.7892587009831876E-002
  -4.4300000127404928        6.6165461772122874E-002
  -4.4200000129640102        6.4428362863826527E-002
  -4.4100000131875277        6.2691244396418808E-002
  -4.4000000134110451        6.0964493135146264E-002
  -4.3900000136345625        5.9258928499026392E-002
  -4.3800000138580799        5.7585802560847471E-002
  -4.3700000140815973        5.5956800047168631E-002
  -4.3600000143051147        5.4384038338319764E-002
  -4.3500000145286322        5.2880067468401619E-002
  -4.3400000147521496        5.1457870125285722E-002
  -4.3300000149756670        5.1146547002929137E-002
  -4.3200000151991844        5.3018309325646967E-002
  -4.3100000154227018        5.5051270361026527E-002
  -4.3000000156462193        5.7226412262827382E-002
  -4.2900000158697367        5.9525299375532269E-002
  -4.2800000160932541        6.1930078234346854E-002
  -4.2700000163167715        6.4423477565199991E-002
  -4.2600000165402889        6.6988808284743670E-002
  -4.2500000167638063        6.9609963500352798E-002
  -4.2400000169873238        7.2271418510125487E-002
  -4.2300000172108412        7.4958230802882914E-002
  -4.2200000174343586        7.7656040058169284E-002
  -4.2100000176578760        8.0351068146251967E-002
  -4.2000000178813934        8.3030119128121319E-002
  -4.1900000181049109        8.5680579255490927E-002
  -4.1800000183284283        8.8290416970797272E-002
  -4.1700000185519457        9.0848182907200051E-002
  -4.1600000187754631        9.3343009888582032E-002
  -4.1500000189989805        9.5764612929548951E-002
  -4.1400000192224979        9.8103289235429825E-002
  -4.1300000194460154       0.10034991820227651     
  -4.1200000196695328       0.10249596141686425     
  -4.1100000198930502       0.10453346265669100     
  -4.1000000201165676       0.10645504788997814     
  -4.0900000203400850       0.10825392527566989     
  -4.0800000205636024       0.10992388516343374     
  -4.0700000207871199       0.11145930009366012     
  -4.0600000210106373       0.11285512479746257     
  -4.0500000212341547       0.11410689619667781     
  -4.0400000214576721       0.11521073340386549     
  -4.0300000216811895       0.11616333772230845     
  -4.0200000219047070       0.11696199264601259     
  -4.0100000221282244       0.11760456385970697     
  -4.0000000223517418       0.11808949923884345     
  -3.9900000225752592       0.11841582884959738     
  -3.9800000227987766       0.11858316494886675     
  -3.9700000230222940       0.11859170198427314     
  -3.9600000232458115       0.11844221659416078     
  -3.9500000234693289       0.11813606760759715     
  -3.9400000236928463       0.11767519604437279     
  -3.9300000239163637       0.11706212511500141     
  -3.9200000241398811       0.11629996022071966     
  -3.9100000243633986       0.11539238895348733     
  -3.9000000245869160       0.11434368109598742     
  -3.8900000248104334       0.11315868862162573     
  -3.8800000250339508       0.11184284569453143     
  -3.8700000252574682       0.11040216866955656     
  -3.8600000254809856       0.10884325609227646     
  -3.8500000257045031       0.10717328869898930     
  -3.8400000259280205       0.10540002941671650     
  -3.8300000261515379       0.10353182336320253     
  -3.8200000263750553       0.10157759784691492     
  -3.8100000265985727        9.9546862367044353E-002
  -3.8000000268220901        9.7449708613504410E-002
  -3.7900000270456076        9.5296810466932017E-002
  -3.7800000272691250        9.3099423998686953E-002
  -3.7700000274926424        9.0869387470852242E-002
  -3.7600000277161598        8.8619121336233814E-002
  -3.7500000279396772        8.6361628238360924E-002
  -3.7400000281631947        8.4110493011485668E-002
  -3.7300000283867121        8.1879882680583368E-002
  -3.7200000286102295        7.9684546461352437E-002
  -3.7100000288337469        7.7539815760214278E-002
  -3.7000000290572643        7.5461604174313385E-002
  -3.6900000292807817        7.3466407491517463E-002
  -3.6800000295042992        7.1571303690417129E-002
  -3.6700000297278166        6.9793952940326198E-002
  -3.6600000299513340        7.0947023502827819E-002
  -3.6500000301748514        7.3725259735815965E-002
  -3.6400000303983688        7.6723690412749998E-002
  -3.6300000306218863        7.9915667965914233E-002
  -3.6200000308454037        8.3275367289869548E-002
  -3.6100000310689211        8.6777785741453187E-002
  -3.6000000312924385        9.0398743139778845E-002
  -3.5900000315159559        9.4114881766236669E-002
  -3.5800000317394733        9.7903666364493241E-002
  -3.5700000319629908       0.10174338414049162     
  -3.5600000321865082       0.10561314476245123     
  -3.5500000324100256       0.10949288036086795     
  -3.5400000326335430       0.11336334552851418     
  -3.5300000328570604       0.11720611732043867     
  -3.5200000330805779       0.12100359525396663     
  -3.5100000333040953       0.12473900130869979     
  -3.5000000335276127       0.12839637992651615     
  -3.4900000337511301       0.13196059801157023     
  -3.4800000339746475       0.13541734493029320     
  -3.4700000341981649       0.13875313251139229     
  -3.4600000344216824       0.14195529504585133     
  -3.4500000346451998       0.14501198928693085     
  -3.4400000348687172       0.14791219445016737     
  -3.4300000350922346       0.15064571221337417     
  -3.4200000353157520       0.15320316671664083     
  -3.4100000355392694       0.15557600456233334     
  -3.4000000357627869       0.15775649481509435     
  -3.3900000359863043       0.15973772900184269     
  -3.3800000362098217       0.16151362111177373     
  -3.3700000364333391       0.16307890759635929     
  -3.3600000366568565       0.16442914736934766     
  -3.3500000368803740       0.16556072180676359     
  -3.3400000371038914       0.16647083474690805     
  -3.3300000373274088       0.16715751249035879     
  -3.3200000375509262       0.16761960379996962     
  -3.3100000377744436       0.16785677990087119     
  -3.3000000379979610       0.16786953448047026     
  -3.2900000382214785       0.16765918368845020     
  -3.2800000384449959       0.16722786613677079     
  -3.2700000386685133       0.16657854289966831     
  -3.2600000388920307       0.16571499751365523     
  -3.2500000391155481       0.16464183597752077     
  -3.2400000393390656       0.16336448675233045     
  -3.2300000395625830       0.16188920076142613     
  -3.2200000397861004       0.16022305139042645     
  -3.2100000400096178       0.15837393448722606     
  -3.2000000402331352       0.15635056836199623     
  -3.1900000404566526       0.15416249378718483     
  -3.1800000406801701       0.15182007399751590     
  -3.1700000409036875       0.14933449468999010     
  -3.1600000411272049       0.14671776402388448     
  -3.1500000413507223       0.14398271262075255     
  -3.1400000415742397       0.14114299356442411     
  -3.1300000417977571       0.13821308240100569     
  -3.1200000420212746       0.13520827713888001     
  -3.1100000422447920       0.13214469824870628     
  -3.1000000424683094       0.12903928866342021     
  -3.0900000426918268       0.12590981377823393     
  -3.0800000429153442       0.12277486145063604     
  -3.0700000431388617       0.11965384200039145     
  -3.0600000433623791       0.11656698820954167     
  -3.0500000435858965       0.11353535532240455     
  -3.0400000438094139       0.11058082104557444     
  -3.0300000440329313       0.10772608554792204     
  -3.0200000442564487       0.10499467146059462     
  -3.0100000444799662       0.10241092387701577     
  -3.0000000447034836       0.10000001035288558     
  -2.9900000449270010       0.10388344790420326     
  -2.9800000451505184       0.10813752577612586     
  -2.9700000453740358       0.11272096709356703     
  -2.9600000455975533       0.11759376194080227     
  -2.9500000458210707       0.12271714053937928     
  -2.9400000460445881       0.12805357324811800     
  -2.9300000462681055       0.13356677056311045     
  -2.9200000464916229       0.13922168311772112     
  -2.9100000467151403       0.14498450168258648     
  -2.9000000469386578       0.15082265716561533     
  -2.8900000471621752       0.15670482061198862     
  -2.8800000473856926       0.16260090320415957     
  -2.8700000476092100       0.16848205626185364     
  -2.8600000478327274       0.17432067124206835     
  -2.8500000480562449       0.18009037973907357     
  -2.8400000482797623       0.18576605348441147     
  -2.8300000485032797       0.19132380434689616     
  -2.8200000487267971       0.19674098433261422     
  -2.8100000489503145       0.20199618558492438     
  -2.8000000491738319       0.20706924038445743     
  -2.7900000493973494       0.21194122114911657     
  -2.7800000496208668       0.21659444043407702     
  -2.7700000498443842       0.22101245093178648     
  -2.7600000500679016       0.22518004547196474     
  -2.7500000502914190       0.22908325702160368     
  -2.7400000505149364       0.23270935868496745     
  -2.7300000507384539       0.23604686370359260     
  -2.7200000509619713       0.23908552545628761     
  -2.7100000511854887       0.24181633745913342     
  -2.7000000514090061       0.24423153336548303     
  -2.6900000516325235       0.24632458696596177     
  -2.6800000518560410       0.24809021218846722     
  -2.6700000520795584       0.24952436309816861     
  -2.6600000523030758       0.25062423389750821     
  -2.6500000525265932       0.25138825892620020     
  -2.6400000527501106       0.25181611266123072     
  -2.6300000529736280       0.25190870971685853     
  -2.6200000531971455       0.25166820484461411     
  -2.6100000534206629       0.25109799293330071     
  -2.6000000536441803       0.25020270900899322     
  -2.5900000538676977       0.24898822823503938     
  -2.5800000540912151       0.24746166591205856     
  -2.5700000543147326       0.24563137747794264     
  -2.5600000545382500       0.24350695850785573     
  -2.5500000547617674       0.24109924471423408     
  -2.5400000549852848       0.23842031194678623     
  -2.5300000552088022       0.23548347619249274     
  -2.5200000554323196       0.23230329357560645     
  -2.5100000556558371       0.22889556035765268     
  -2.5000000558793545       0.22527731293742859     
  -2.4900000561028719       0.22146682785100380     
  -2.4800000563263893       0.21748362177172020     
  -2.4700000565499067       0.21334845151019152     
  -2.4600000567734241       0.20908331401430399     
  -2.4500000569969416       0.20471144636921623     
  -2.4400000572204590       0.20025732579735853     
  -2.4300000574439764       0.19574666965843393     
  -2.4200000576674938       0.19120643544941746     
  -2.4100000578910112       0.18666482080455629     
  -2.4000000581145287       0.18215126349536995     
  -2.3900000583380461       0.17769644143065014     
  -2.3800000585615635       0.17333227265646070     
  -2.3700000587850809       0.16909191535613777     
  -2.3600000590085983       0.16500976785028965     
  -2.3500000592321157       0.16112146859679694     
  -2.3400000594556332       0.15746389619081239     
  -2.3300000596791506       0.15720077883351166     
  -2.3200000599026680       0.16373210968326438     
  -2.3100000601261854       0.17087825716232674     
  -2.3000000603497028       0.17857123142561934     
  -2.2900000605732203       0.18674508323565070     
  -2.2800000607967377       0.19533590396251663     
  -2.2700000610202551       0.20428182558390071     
  -2.2600000612437725       0.21352302068507395     
  -2.2500000614672899       0.22300170245889525     
  -2.2400000616908073       0.23266212470581088     
  -2.2300000619143248       0.24245058183385487     
  -2.2200000621378422       0.25231540885864873     
  -2.2100000623613596       0.26220698140340165     
  -2.2000000625848770       0.27207771569891054     
  -2.1900000628083944       0.28188206858355969     
  -2.1800000630319118       0.29157653750332130     
  -2.1700000632554293       0.30111966051175465     
  -2.1600000634789467       0.31047201627000742     
  -2.1500000637024641       0.31959622404681398     
  -2.1400000639259815       0.32845694371849715     
  -2.1300000641494989       0.33702087576896694     
  -2.1200000643730164       0.34525676128972105     
  -2.1100000645965338       0.35313538197984456     
  -2.1000000648200512       0.36062956014601055     
  -2.0900000650435686       0.36771415870247964     
  -2.0800000652670860       0.37436608117109965     
  -2.0700000654906034       0.38056427168130658     
  -2.0600000657141209       0.38628971497012371     
  -2.0500000659376383       0.39152543638216203     
  -2.0400000661611557       0.39625650186961986     
  -2.0300000663846731       0.40047001799228349     
  -2.0200000666081905       0.40415513191752694     
  -2.0100000668317080       0.40730303142031143     
  -2.0000000670552254       0.40990694488318585     
  -1.9900000672787428       0.41196214129628700     
  -1.9800000675022602       0.41346593025733891     
  -1.9700000677257776       0.41441766197165364     
  -1.9600000679492950       0.41481872725213054     
  -1.9500000681728125       0.41467255751925669     
  -1.9400000683963299       0.41398462480110648     
  -1.9300000686198473       0.41276244173334248     
  -1.9200000688433647       0.41101556155921459     
  -1.9100000690668821       0.40875557812956037     
  -1.9000000692903996       0.40599612590280465     
  -1.8900000695139170       0.40275287994496045     
  -1.8800000697374344       0.39904355592962787     
  -1.8700000699609518       0.39488791013799479     
  -1.8600000701844692       0.39030773945883701     
  -1.8500000704079866       0.38532688138851751     
  -1.8400000706315041       0.37997121403098716     
  -1.8300000708550215       0.37426865609778420     
  -1.8200000710785389       0.36824916690803483     
  -1.8100000713020563       0.36194474638845225     
  -1.8000000715255737       0.35538943507333820     
  -1.7900000717490911       0.34861931410458119     
  -1.7800000719726086       0.34167250523165771     
  -1.7700000721961260       0.33458917081163175     
  -1.7600000724196434       0.32741151380915501     
  -1.7500000726431608       0.32018377779646673     
  -1.7400000728666782       0.31295224695339374     
  -1.7300000730901957       0.30576524606735067     
  -1.7200000733137131       0.29867314053333954     
  -1.7100000735372305       0.29172833635394990     
  -1.7000000737607479       0.28498528013935931     
  -1.6900000739842653       0.27850045910733257     
  -1.6800000742077827       0.27233240108322210     
  -1.6700000744313002       0.26654167449996813     
  -1.6600000746548176       0.27196275593980945     
  -1.6500000748783350       0.28387488811428968     
  -1.6400000751018524       0.29690629638268912     
  -1.6300000753253698       0.31093378258615434     
  -1.6200000755488873       0.32583786503981216     
  -1.6100000757724047       0.34150277853277022     
  -1.6000000759959221       0.35781647432811703     
  -1.5900000762194395       0.37467062016292152     
  -1.5800000764429569       0.39196060024823326     
  -1.5700000766664743       0.40958551526908304     
  -1.5600000768899918       0.42744818238448168     
  -1.5500000771135092       0.44545513522742103     
  -1.5400000773370266       0.46351662390487358     
  -1.5300000775605440       0.48154661499779233     
  -1.5200000777840614       0.49946279156111140     
  -1.5100000780075788       0.51718655312374473     
  -1.5000000782310963       0.53464301568858830     
  -1.4900000784546137       0.55176101173251757     
  -1.4800000786781311       0.56847309020638914     
  -1.4700000789016485       0.58471551653504017     
  -1.4600000791251659       0.60042827261728837     
  -1.4500000793486834       0.61555505682593326     
  -1.4400000795722008       0.63004328400775311     
  -1.4300000797957182       0.64384408548350869     
  -1.4200000800192356       0.65691230904794018     
  -1.4100000802427530       0.66920651896976868     
  -1.4000000804662704       0.68068899599169719     
  -1.3900000806897879       0.69132573733040759     
  -1.3800000809133053       0.70108645667656344     
  -1.3700000811368227       0.70994458419480932     
  -1.3600000813603401       0.71787726652376949     
  -1.3500000815838575       0.72486536677604962     
  -1.3400000818073750       0.73089346453823556     
  -1.3300000820308924       0.73594985587089468     
  -1.3200000822544098       0.74002655330857392     
  -1.3100000824779272       0.74311928585980191     
  -1.3000000827014446       0.74522749900708729     
  -1.2900000829249620       0.74635435470691947     
  -1.2800000831484795       0.74650673138976931     
  -1.2700000833719969       0.74569522396008736     
  -1.2600000835955143       0.74393414379630474     
  -1.2500000838190317       0.74124151875083455     
  -1.2400000840425491       0.73763909315006959     
  -1.2300000842660666       0.73315232779438289     
  -1.2200000844895840       0.72781039995813002     
  -1.2100000847131014       0.72164620338964514     
  -1.2000000849366188       0.71469634831124373     
  -1.1900000851601362       0.70700116141922287     
  -1.1800000853836536       0.69860468588385927     
  -1.1700000856071711       0.68955468134941078     
  -1.1600000858306885       0.67990262393411594     
  -1.1500000860542059       0.66970370623019393     
  -1.1400000862777233       0.65901683730384442     
  -1.1300000865012407       0.64790464269524795     
  -1.1200000867247581       0.63643346441856585     
  -1.1100000869482756       0.62467336096193982     
  -1.1000000871717930       0.61269810728749252     
  -1.0900000873953104       0.60058519483132711     
  -1.0800000876188278       0.58841583150352772     
  -1.0700000878423452       0.57627494168815863     
  -1.0600000880658627       0.56425116624326532     
  -1.0500000882893801       0.55243686250087387     
  -1.0400000885128975       0.54092810426699089     
  -1.0300000887364149       0.52982468182160369     
  -1.0200000889599323       0.51923010191868024     
  -1.0100000891834497       0.50925158778616941     
  -1.0000000894069672       0.50000007912600053     
 -0.99000008963048458       0.52232538707629383     
 -0.98000008985400200       0.54684355622639425     
 -0.97000009007751942       0.57332123618397135     
 -0.96000009030103683       0.60153214876474814     
 -0.95000009052455425       0.63125681977169656     
 -0.94000009074807167       0.66228257899503673     
 -0.93000009097158909       0.69440356021223693     
 -0.92000009119510651       0.72742070118801461     
 -0.91000009141862392       0.76114174367433440     
 -0.90000009164214134       0.79538123341041023     
 -0.89000009186565876       0.82996052012270394     
 -0.88000009208917618       0.86470775752492601     
 -0.87000009231269360       0.89945790331803488     
 -0.86000009253621101       0.93405271919023769     
 -0.85000009275972843       0.96834077081699033     
 -0.84000009298324585        1.0021774278609958     
 -0.83000009320676327        1.0354248639722063     
 -0.82000009343028069        1.0679520567878233     
 -0.81000009365379810        1.0996347879322947     
 -0.80000009387731552        1.1303556430173183     
 -0.79000009410083294        1.1600040116418395     
 -0.78000009432435036        1.1884760873920521     
 -0.77000009454786777        1.2156748678413980     
 -0.76000009477138519        1.2415101545505696     
 -0.75000009499490261        1.2658985530675040     
 -0.74000009521842003        1.2887634729273896     
 -0.73000009544193745        1.3100351276526629     
 -0.72000009566545486        1.3296505347530057     
 -0.71000009588897228        1.3475535157253526     
 -0.70000009611248970        1.3636946960538843     
 -0.69000009633600712        1.3780315052100296     
 -0.68000009655952454        1.3905281766524655     
 -0.67000009678304195        1.4011557478271195     
 -0.66000009700655937        1.4098920601671641     
 -0.65000009723007679        1.4167217590930239     
 -0.64000009745359421        1.4216362940123684     
 -0.63000009767711163        1.4246339183201178     
 -0.62000009790062904        1.4257196893984392     
 -0.61000009812414646        1.4249054686167499     
 -0.60000009834766388        1.4222099213317134     
 -0.59000009857118130        1.4176585168872433     
 -0.58000009879469872        1.4112835286145005     
 -0.57000009901821613        1.4031240338318942     
 -0.56000009924173355        1.3932259138450833     
 -0.55000009946525097        1.3816418539469735     
 -0.54000009968876839        1.3684313434177195     
 -0.53000009991228580        1.3536606755247245     
 -0.52000010013580322        1.3374029475226406     
 -0.51000010035932064        1.3197380606533657     
 -0.50000010058283806        1.3007527201460503     
 -0.49000010080635548        1.2805404352170895     
 -0.48000010102987289        1.2592015190701273     
 -0.47000010125339031        1.2368430888960600     
 -0.46000010147690773        1.2135790658730266     
 -0.45000010170042515        1.1895301751664178     
 -0.44000010192394257        1.1648239459288723     
 -0.43000010214745998        1.1395947113002758     
 -0.42000010237097740        1.1139836084077643     
 -0.41000010259449482        1.0881385783657211     
 -0.40000010281801224        1.0622143662757779     
 -0.39000010304152966        1.0363725212268147     
 -0.38000010326504707        1.0107813962949603     
 -0.37000010348856449       0.98561614854359181     
 -0.36000010371208191       0.96105873902333350     
 -0.35000010393559933       0.93729793277205975     
 -0.34000010415911674       0.91452929881489275     
 -0.33000010438263416       0.91099707796821894     
 -0.32000010460615158       0.94534162564748203     
 -0.31000010482966900       0.98149345044665426     
 -0.30000010505318642        1.0191805011006070     
 -0.29000010527670383        1.0581394743521881     
 -0.28000010550022125        1.0981158149522250     
 -0.27000010572373867        1.1388637156595209     
 -0.26000010594725609        1.1801461172408576     
 -0.25000010617077351        1.2217347084709953     
 -0.24000010639429092        1.2634099261326710     
 -0.23000010661780834        1.3049609550165999     
 -0.22000010684132576        1.3461857279214742     
 -0.21000010706484318        1.3868909256539657     
 -0.20000010728836060        1.4268919770287218     
 -0.19000010751187801        1.4660130588683691     
 -0.18000010773539543        1.5040870960035111     
 -0.17000010795891285        1.5409557612727303     
 -0.16000010818243027        1.5764694755225848     
 -0.15000010840594769        1.6104874076076121     
 -0.14000010862946510        1.6428774743903274     
 -0.13000010885298252        1.6735163407412235     
 -0.12000010907649994        1.7022894195387703     
 -0.11000010930001736        1.7290908716694162     
 -0.10000010952353477        1.7538236060275865     
  -9.0000109747052193E-002   1.7763992795156858     
  -8.0000109970569611E-002   1.7967382970440944     
  -7.0000110194087029E-002   1.8147698115311730     
  -6.0000110417604446E-002   1.8304317239032570     
  -5.0000110641121864E-002   1.8436706830946616     
  -4.0000110864639282E-002   1.8544420860476798     
  -3.0000111088156700E-002   1.8627100777125796     
  -2.0000111311674118E-002   1.8684475510476111     
  -1.0000111535191536E-002   1.8716361470189997     
  -1.1175870895385742E-007   1.8722662546009479     
   9.9998880177736282E-003   1.8703370107756372     
   1.9999887794256210E-002   1.8658563005332265     
   2.9999887570738792E-002   1.8588407568718526     
   3.9999887347221375E-002   1.8493157607976309     
   4.9999887123703957E-002   1.8373154413246506     
   5.9999886900186539E-002   1.8228826754749849     
   6.9999886676669121E-002   1.8060690882786798     
   7.9999886453151703E-002   1.7869350527737602     
   8.9999886229634285E-002   1.7655496900062317     
   9.9999886006116867E-002   1.7419908690300729     
  0.10999988578259945        1.7163452069072429     
  0.11999988555908203        1.6887080687076788     
  0.12999988533556461        1.6591835675092943     
  0.13999988511204720        1.6278845643979811     
  0.14999988488852978        1.5949326684676093     
  0.15999988466501236        1.5604582368200266     
  0.16999988444149494        1.5246003745650578     
  0.17999988421797752        1.4875069348205054     
  0.18999988399446011        1.4493345187121511     
  0.19999988377094269        1.4102484753737525     
  0.20999988354742527        1.3704229019470464     
  0.21999988332390785        1.3300406435817462     
  0.22999988310039043        1.2892932934355439     
  0.23999988287687302        1.2483811926741095     
  0.24999988265335560        1.2075134304710888     
  0.25999988242983818        1.1669078440081078     
  0.26999988220632076        1.1267910184747694     
  0.27999988198280334        1.0873982870686534     
  0.28999988175928593        1.0489737309953184     
  0.29999988153576851        1.0117701794683003     
  0.30999988131225109       0.97604920970911258     
  0.31999988108873367       0.94208114694724698     
  0.32999988086521626       0.91014506442017251     
  0.33999988064169884       0.91623032087821121     
  0.34999988041818142       0.94143804918460450     
  0.35999988019466400       0.96750223100995980     
  0.36999987997114658       0.99423010377311127     
  0.37999987974762917        1.0214357088983552     
  0.38999987952411175        1.0489398918154522     
  0.39999987930059433        1.0765703019596256     
  0.40999987907707691        1.1041613927715623     
  0.41999987885355949        1.1315544216974125     
  0.42999987863004208        1.1585974501887903     
  0.43999987840652466        1.1851453437027721     
  0.44999987818300724        1.2110597717018987     
  0.45999987795948982        1.2362092076541726     
  0.46999987773597240        1.2604689290330617     
  0.47999987751245499        1.2837210173174964     
  0.48999987728893757        1.3058543579918698     
  0.49999987706542015        1.3267646405460389     
  0.50999987684190273        1.3463543584753244     
  0.51999987661838531        1.3645328092805098     
  0.52999987639486790        1.3812160944678415     
  0.53999987617135048        1.3963271195490303     
  0.54999987594783306        1.4097955940412510     
  0.55999987572431564        1.4215580314671388     
  0.56999987550079823        1.4315577493547949     
  0.57999987527728081        1.4397448692377834     
  0.58999987505376339        1.4460763166551296     
  0.59999987483024597        1.4505158211513258     
  0.60999987460672855        1.4530339162763253     
  0.61999987438321114        1.4536079395855444     
  0.62999987415969372        1.4522220326398643     
  0.63999987393617630        1.4488671410056284     
  0.64999987371265888        1.4435410142546439     
  0.65999987348914146        1.4362482059641808     
  0.66999987326562405        1.4270000737169737     
  0.67999987304210663        1.4158147791012188     
  0.68999987281858921        1.4027172877105769     
  0.69999987259507179        1.3877393691441724     
  0.70999987237155437        1.3709195970065913     
  0.71999987214803696        1.3523033489078848     
  0.72999987192451954        1.3319428064635672     
  0.73999987170100212        1.3098969552946140     
  0.74999987147748470        1.2862315850274673     
  0.75999987125396729        1.2610192892940300     
  0.76999987103044987        1.2343394657316693     
  0.77999987080693245        1.2062783159832169     
  0.78999987058341503        1.1769288456969653     
  0.79999987035989761        1.1463908645266720     
  0.80999987013638020        1.1147709861315580     
  0.81999986991286278        1.0821826281763067     
  0.82999986968934536        1.0487460123310652     
  0.83999986946582794        1.0145881642714449     
  0.84999986924231052       0.97984291367851895     
  0.85999986901879311       0.94465089423882476     
  0.86999986879527569       0.90915954364436280     
  0.87999986857175827       0.87352310359259733     
  0.88999986834824085       0.83790261978645519     
  0.89999986812472343       0.80246594193432719     
  0.90999986790120602       0.76738772375006736     
  0.91999986767768860       0.73284942295299338     
  0.92999986745417118       0.69903930126788472     
  0.93999986723065376       0.66615242442498612     
  0.94999986700713634       0.63439066216000484     
  0.95999986678361893       0.60396268821411170     
  0.96999986656010151       0.57508398033394026     
  0.97999986633658409       0.54797682027158789     
  0.98999986611306667       0.52287029378461591     
  0.99999986588954926       0.50000029063604734     
   1.0099998656660318       0.50876287337800086     
   1.0199998654425144       0.51831726651629118     
   1.0299998652189970       0.52854983072245321     
   1.0399998649954796       0.53935104546227464     
   1.0499998647719622       0.55061510666434876     
   1.0599998645484447       0.56223992672007583     
   1.0699998643249273       0.57412713448366259     
   1.0799998641014099       0.58618207527212240     
   1.0899998638778925       0.59831381086527469     
   1.0999998636543751       0.61043511950574592     
   1.1099998634308577       0.62246249589896885     
   1.1199998632073402       0.63431615121318274     
   1.1299998629838228       0.64592001307943336     
   1.1399998627603054       0.65720172559157308     
   1.1499998625367880       0.66809264930626089     
   1.1599998623132706       0.67852786124296183     
   1.1699998620897532       0.68844615488394789     
   1.1799998618662357       0.69779004017429747     
   1.1899998616427183       0.70650574352189555     
   1.1999998614192009       0.71454320779743374     
   1.2099998611956835       0.72185609233440950     
   1.2199998609721661       0.72840177292912767     
   1.2299998607486486       0.73414134184069868     
   1.2399998605251312       0.73903960779104116     
   1.2499998603016138       0.74306509596487769     
   1.2599998600780964       0.74619004800973932     
   1.2699998598545790       0.74839042203596395     
   1.2799998596310616       0.74964589261669401     
   1.2899998594075441       0.74993985078787984     
   1.2999998591840267       0.74925940404827840     
   1.3099998589605093       0.74759537635945261     
   1.3199998587369919       0.74494230814577167     
   1.3299998585134745       0.74129845629441227     
   1.3399998582899570       0.73666579415535682     
   1.3499998580664396       0.73105001154139471     
   1.3599998578429222       0.72446051472812123     
   1.3699998576194048       0.71691042645393910     
   1.3799998573958874       0.70841658592005619     
   1.3899998571723700       0.69899954879048876     
   1.3999998569488525       0.68868358719205780     
   1.4099998567253351       0.67749668971439214     
   1.4199998565018177       0.66547056140992600     
   1.4299998562783003       0.65264062379390086     
   1.4399998560547829       0.63904601484436485     
   1.4499998558312654       0.62472958900217179     
   1.4599998556077480       0.60973791717098302     
   1.4699998553842306       0.59412128671726583     
   1.4799998551607132       0.57793370147029399     
   1.4899998549371958       0.56123288172214736     
   1.4999998547136784       0.54408026422771394     
   1.5099998544901609       0.52654100220468636     
   1.5199998542666435       0.50868396533356475     
   1.5299998540431261       0.49058173975765573     
   1.5399998538196087       0.47231062808307211     
   1.5499998535960913       0.45395064937873347     
   1.5599998533725739       0.43558553917636583     
   1.5699998531490564       0.41730274947050161     
   1.5799998529255390       0.39919344871847995     
   1.5899998527020216       0.38135252184044643     
   1.5999998524785042       0.36387857021935305     
   1.6099998522549868       0.34687391170095844     
   1.6199998520314693       0.33044458059382781     
   1.6299998518079519       0.31470032766933265     
   1.6399998515844345       0.29975462016165111     
   1.6499998513609171       0.28572464176776791     
   1.6599998511373997       0.27273129264747414     
   1.6699998509138823       0.26615241036475079     
   1.6799998506903648       0.27083169315452982     
   1.6899998504668474       0.27596917300005669     
   1.6999998502433300       0.28150210548172322     
   1.7099998500198126       0.28736978678975711     
   1.7199998497962952       0.29351355372422089     
   1.7299998495727777       0.29987678369501242     
   1.7399998493492603       0.30640489472186500     
   1.7499998491257429       0.31304534543434687     
   1.7599998489022255       0.31974763507186188     
   1.7699998486787081       0.32646330348364894     
   1.7799998484551907       0.33314593112878205     
   1.7899998482316732       0.33975113907617099     
   1.7999998480081558       0.34623658900456022     
   1.8099998477846384       0.35256198320252968     
   1.8199998475611210       0.35868906456849470     
   1.8299998473376036       0.36458161661070587     
   1.8399998471140862       0.37020546344724858     
   1.8499998468905687       0.37552846980604404     
   1.8599998466670513       0.38052054102484839     
   1.8699998464435339       0.38515362305125328     
   1.8799998462200165       0.38940170244268529     
   1.8899998459964991       0.39324080636640646     
   1.8999998457729816       0.39664900259951430     
   1.9099998455494642       0.39960639952894100     
   1.9199998453259468       0.40209514615145431     
   1.9299998451024294       0.40409943207365773     
   1.9399998448789120       0.40560548751198922     
   1.9499998446553946       0.40660158329272211     
   1.9599998444318771       0.40707803085196581     
   1.9699998442083597       0.40702718223566370     
   1.9799998439848423       0.40644343009959538     
   1.9899998437613249       0.40532320770937569     
   1.9999998435378075       0.40366498894045399     
   2.0099998433142900       0.40146928827811579     
   2.0199998430907726       0.39873866081748105     
   2.0299998428672552       0.39547770226350576     
   2.0399998426437378       0.39169304893098061     
   2.0499998424202204       0.38739337774453131     
   2.0599998421967030       0.38258940623861987     
   2.0699998419731855       0.37729389255754253     
   2.0799998417496681       0.37152163545543121     
   2.0899998415261507       0.36528947429625325     
   2.0999998413026333       0.35861628905381071     
   2.1099998410791159       0.35152300031174150     
   2.1199998408555984       0.34403256926351844     
   2.1299998406320810       0.33616999771244971     
   2.1399998404085636       0.32796232807167869     
   2.1499998401850462       0.31943864336418398     
   2.1599998399615288       0.31063006722277969     
   2.1699998397380114       0.30156976389011492     
   2.1799998395144939       0.29229293821867391     
   2.1899998392909765       0.28283683567077672     
   2.1999998390674591       0.27324074231857803     
   2.2099998388439417       0.26354598484406816     
   2.2199998386204243       0.25379593053907262     
   2.2299998383969069       0.24403598730525203     
   2.2399998381733894       0.23431360365410242     
   2.2499998379498720       0.22467826870695495     
   2.2599998377263546       0.21518151219497628     
   2.2699998375028372       0.20587690445916795     
   2.2799998372793198       0.19682005645036715     
   2.2899998370558023       0.18806861972924599     
   2.2999998368322849       0.17968228646631210     
   2.3099998366087675       0.17172278944190816     
   2.3199998363852501       0.16425390204621229     
   2.3299998361617327       0.15734143827923769     
   2.3399998359382153       0.15718331392346052     
   2.3499998357146978       0.16044667109870511     
   2.3599998354911804       0.16397166675432850     
   2.3699998352676630       0.16772054799964603     
   2.3799998350441456       0.17165680208288897     
   2.3899998348206282       0.17574515639120480     
   2.3999998345971107       0.17995157845065701     
   2.4099998343735933       0.18424327592622505     
   2.4199998341500759       0.18858869662180439     
   2.4299998339265585       0.19295752848020675     
   2.4399998337030411       0.19732069958315973     
   2.4499998334795237       0.20165037815130696     
   2.4599998332560062       0.20591997254420816     
   2.4699998330324888       0.21010413126033922     
   2.4799998328089714       0.21417874293709180     
   2.4899998325854540       0.21812093635077381     
   2.4999998323619366       0.22190908041660928     
   2.5099998321384192       0.22552278418873797     
   2.5199998319149017       0.22894289686021602     
   2.5299998316913843       0.23215150776301535     
   2.5399998314678669       0.23513194636802415     
   2.5499998312443495       0.23786878228504660     
   2.5599998310208321       0.24034782526280279     
   2.5699998307973146       0.24255612518892894     
   2.5799998305737972       0.24448197208997735     
   2.5899998303502798       0.24611489613141627     
   2.5999998301267624       0.24744566761763023     
   2.6099998299032450       0.24846629699191952     
   2.6199998296797276       0.24917003483650058     
   2.6299998294562101       0.24955137187250592     
   2.6399998292326927       0.24960603895998409     
   2.6499998290091753       0.24933100709789977     
   2.6599998287856579       0.24872448742413339     
   2.6699998285621405       0.24778593121548190     
   2.6799998283386230       0.24651602988765783     
   2.6899998281151056       0.24491671499528997     
   2.6999998278915882       0.24299115823192324     
   2.7099998276680708       0.24074377143001835     
   2.7199998274445534       0.23818020656095232     
   2.7299998272210360       0.23530735573501826     
   2.7399998269975185       0.23213335120142473     
   2.7499998267740011       0.22866756534829719     
   2.7599998265504837       0.22492061070267652     
   2.7699998263269663       0.22090433993051981     
   2.7799998261034489       0.21663184583670056     
   2.7899998258799314       0.21211746136500770     
   2.7999998256564140       0.20737675959814647     
   2.8099998254328966       0.20242655375773841     
   2.8199998252093792       0.19728489720432071     
   2.8299998249858618       0.19197108343734687     
   2.8399998247623444       0.18650564609518638     
   2.8499998245388269       0.18091035895512464     
   2.8599998243153095       0.17520823593336318     
   2.8699998240917921       0.16942353108501967     
   2.8799998238682747       0.16358173860412772     
   2.8899998236447573       0.15770959282363703     
   2.8999998234212399       0.15183506821541332     
   2.9099998231977224       0.14598737939023831     
   2.9199998229742050       0.14019698109780993     
   2.9299998227506876       0.13449556822674191     
   2.9399998225271702       0.12891607580456424     
   2.9499998223036528       0.12349267899772286     
   2.9599998220801353       0.11826079311157978     
   2.9699998218566179       0.11325707359041300     
   2.9799998216331005       0.10851941601741667     
   2.9899998214095831       0.10408695611470095     
   2.9999998211860657       0.10000006974329194     
   3.0099998209625483       0.10220250940548899     
   3.0199998207390308       0.10459333667259740     
   3.0299998205155134       0.10714685457569056     
   3.0399998202919960       0.10983829589405908     
   3.0499998200684786       0.11264371586683558     
   3.0599998198449612       0.11553999219299448     
   3.0699998196214437       0.11850482503135215     
   3.0799998193979263       0.12151673700056694     
   3.0899998191744089       0.12455507317913900     
   3.0999998189508915       0.12760000110541042     
   3.1099998187273741       0.13063251077756527     
   3.1199998185038567       0.13363441465362935     
   3.1299998182803392       0.13658834765147057     
   3.1399998180568218       0.13947776714879864     
   3.1499998178333044       0.14228695298316518     
   3.1599998176097870       0.14500100745196373     
   3.1699998173862696       0.14760585531242973     
   3.1799998171627522       0.15008824378164062     
   3.1899998169392347       0.15243574253651557     
   3.1999998167157173       0.15463674371381578     
   3.2099998164921999       0.15668046191014429     
   3.2199998162686825       0.15855693418194616     
   3.2299998160451651       0.16025702004550821     
   3.2399998158216476       0.16177240147695943     
   3.2499998155981302       0.16309558291227017     
   3.2599998153746128       0.16421989124725322     
   3.2699998151510954       0.16513947583756333     
   3.2799998149275780       0.16584930849869656     
   3.2899998147040606       0.16634518350599142     
   3.2999998144805431       0.16662371759462813     
   3.3099998142570257       0.16668234995962891     
   3.3199998140335083       0.16651934225585768     
   3.3299998138099909       0.16613377859802050     
   3.3399998135864735       0.16552556556066522     
   3.3499998133629560       0.16469543217818164     
   3.3599998131394386       0.16364492994480132     
   3.3699998129159212       0.16237643281459802     
   3.3799998126924038       0.16089313720148712     
   3.3899998124688864       0.15919906197922609     
   3.3999998122453690       0.15729904848141418     
   3.4099998120218515       0.15519876050149273     
   3.4199998117983341       0.15290468429274476     
   3.4299998115748167       0.15042412856829526     
   3.4399998113512993       0.14776522450111132     
   3.4499998111277819       0.14493692572400169     
   3.4599998109042645       0.14194900832961715     
   3.4699998106807470       0.13881207087045033     
   3.4799998104572296       0.13553753435883592     
   3.4899998102337122       0.13213764226695016     
   3.4999998100101948       0.12862546052681167     
   3.5099998097866774       0.12501487753028062     
   3.5199998095631599       0.12132060412905922     
   3.5299998093396425       0.11755817363469162     
   3.5399998091161251       0.11374394181856382     
   3.5499998088926077       0.10989508691190369     
   3.5599998086690903       0.10602960960578109     
   3.5699998084455729       0.10216633305110777     
   3.5799998082220554        9.8324902858637334E-002
   3.5899998079985380        9.4525787098965350E-002
   3.5999998077750206        9.0790276302529269E-002
   3.6099998075515032        8.7140483459608467E-002
   3.6199998073279858        8.3599344020324179E-002
   3.6299998071044683        8.0190615894639647E-002
   3.6399998068809509        7.6938879452359860E-002
   3.6499998066574335        7.3869537523131884E-002
   3.6599998064339161        7.1008815396444575E-002
   3.6699998062103987        6.9762185576463159E-002
   3.6799998059868813        7.1450867612371710E-002
   3.6899998057633638        7.3266441983545899E-002
   3.6999998055398464        7.5190949600607043E-002
   3.7099998053163290        7.7207013564766738E-002
   3.7199998050928116        7.9297839167826789E-002
   3.7299998048692942        8.1447213892179376E-002
   3.7399998046457767        8.3639507410807015E-002
   3.7499998044222593        8.5859671587282332E-002
   3.7599998041987419        8.8093240475768372E-002
   3.7699998039752245        9.0326330321018417E-002
   3.7799998037517071        9.2545639558375997E-002
   3.7899998035281897        9.4738448813775050E-002
   3.7999998033046722        9.6892620903739665E-002
   3.8099998030811548        9.8996600835384266E-002
   3.8199998028576374       0.10103941580641358     
   3.8299998026341200       0.10301067520512265     
   3.8399998024106026       0.10490057061039672     
   3.8499998021870852       0.10669987579171125     
   3.8599998019635677       0.10839994670913226     
   3.8699998017400503       0.10999272151331575     
   3.8799998015165329       0.11147072054550829     
   3.8899998012930155       0.11282704633754638     
   3.8999998010694981       0.11405538361185714     
   3.9099998008459806       0.11514999928145779     
   3.9199998006224632       0.11610574244995590     
   3.9299998003989458       0.11691804441154935     
   3.9399998001754284       0.11758291865102614     
   3.9499997999519110       0.11809696084376484     
   3.9599997997283936       0.11845734885573400     
   3.9699997995048761       0.11866184274349266     
   3.9799997992813587       0.11870878475419004     
   3.9899997990578413       0.11859709932556585     
   3.9999997988343239       0.11832629308594962     
   4.0099997986108065       0.11789645485426173     
   4.0199997983872890       0.11730825564001235     
   4.0299997981637716       0.11656294864330241     
   4.0399997979402542       0.11566236925482271     
   4.0499997977167368       0.11460893505585451     
   4.0599997974932194       0.11340564581826935     
   4.0699997972697020       0.11205608350452914     
   4.0799997970461845       0.11056441226768586     
   4.0899997968226671       0.10893537845138195     
   4.0999997965991497       0.10717431058985009     
   4.1099997963756323       0.10528711940791320     
   4.1199997961521149       0.10328029782098457     
   4.1299997959285975       0.10116092093506765     
   4.1399997957050800        9.8936646046756324E-002
   4.1499997954815626        9.6615712643234666E-002
   4.1599997952580452        9.4206942402277005E-002
   4.1699997950345278        9.1719739192248045E-002
   4.1799997948110104        8.9164089072102742E-002
   4.1899997945874929        8.6550560291386289E-002
   4.1999997943639755        8.3890303290234211E-002
   4.2099997941404581        8.1195050699372315E-002
   4.2199997939169407        7.8477117340116684E-002
   4.2299997936934233        7.5749400224373695E-002
   4.2399997934699059        7.3025378554639933E-002
   4.2499997932463884        7.0319113724002416E-002
   4.2599997930228710        6.7645249316138314E-002
   4.2699997927993536        6.5019011105315119E-002
   4.2799997925758362        6.2456207056390718E-002
   4.2899997923523188        5.9973227324813069E-002
   4.2999997921288013        5.7587044256620569E-002
   4.3099997919052839        5.5315212388441864E-002
   4.3199997916817665        5.3175868447495861E-002
   4.3299997914582491        5.1187731351591791E-002
   4.3399997912347317        5.1376160687344373E-002
   4.3499997910112143        5.2682068451382402E-002
   4.3599997907876968        5.4076964073323082E-002
   4.3699997905641794        5.5547696186435999E-002
   4.3799997903406620        5.7081546078948039E-002
   4.3899997901171446        5.8666227694043345E-002
   4.3999997898936272        6.0289887629863405E-002
   4.4099997896701097        6.1941105139507027E-002
   4.4199997894465923        6.3608892131030256E-002
   4.4299997892230749        6.5282693167446504E-002
   4.4399997889995575        6.6952385466726452E-002
   4.4499997887760401        6.8608278901798103E-002
   4.4599997885525227        7.0241116000546763E-002
   4.4699997883290052        7.1842071945815031E-002
   4.4799997881054878        7.3402754575402809E-002
   4.4899997878819704        7.4915204382067349E-002
   4.4999997876584530        7.6371894513523123E-002
   4.5099997874349356        7.7765730772441949E-002
   4.5199997872114182        7.9090051616453036E-002
   4.5299997869879007        8.0338628158142675E-002
   4.5399997867643833        8.1505664165054711E-002
   4.5499997865408659        8.2585796059690172E-002
   4.5599997863173485        8.3574092919507376E-002
   4.5699997860938311        8.4466056476921889E-002
   4.5799997858703136        8.5257621119306792E-002
   4.5899997856467962        8.5945153888992279E-002
   4.5999997854232788        8.6525454483265929E-002
   4.6099997851997614        8.6995755254372531E-002
   4.6199997849762440        8.7353721209514318E-002
   4.6299997847527266        8.7597450010850841E-002
   4.6399997845292091        8.7725471975498695E-002
   4.6499997843056917        8.7736750075532041E-002
   4.6599997840821743        8.7630679937982292E-002
   4.6699997838586569        8.7407089844838082E-002
   4.6799997836351395        8.7066240733045433E-002
   4.6899997834116220        8.6608826194507674E-002
   4.6999997831881046        8.6035972476085271E-002
   4.7099997829645872        8.5349238479596232E-002
   4.7199997827410698        8.4550615761815759E-002
   4.7299997825175524        8.3642528534476387E-002
   4.7399997822940350        8.2627833664267805E-002
   4.7499997820705175        8.1509820672837283E-002
   4.7599997818470001        8.0292211736789146E-002
   4.7699997816234827        7.8979161687685123E-002
   4.7799997813999653        7.7575258012044290E-002
   4.7899997811764479        7.6085520851342958E-002
   4.7999997809529305        7.4515403002014757E-002
   4.8099997807294130        7.2870789915450609E-002
   4.8199997805058956        7.1157999697998853E-002
   4.8299997802823782        6.9383783110964936E-002
   4.8399997800588608        6.7555323570611739E-002
   4.8499997798353434        6.5680237148159432E-002
   4.8599997796118259        6.3766572569785449E-002
   4.8699997793883085        6.1822811216624633E-002
   4.8799997791647911        5.9857867124768940E-002
   4.8899997789412737        5.7881086985267852E-002
   4.8999997787177563        5.5902250144127974E-002
   4.9099997784942389        5.3931568602313316E-002
   4.9199997782707214        5.1979687015745152E-002
   4.9299997780472040        5.0057682695302086E-002
   4.9399997778236866        4.8177065606820009E-002
   4.9499997776001692        4.6349778371092117E-002
   4.9599997773766518        4.4588196263868903E-002
   4.9699997771531343        4.2905127215858180E-002
   4.9799997769296169        4.1313811812725053E-002
   4.9899997767060995        3.9827923295091938E-002
   4.9999997764825821        3.8461567558538565E-002
